NaN;
22,142857142857142;
22,133333333333333;
22,166666666666668;
21,84375;
21,976744186046513;
22,01923076923077;
22,035087719298247;
21,971014492753625;
22,012820512820515;
22,057471264367816;
22,03191489361702;
22,106796116504853;
22,098214285714285;
22,06896551724138;
22,10483870967742;
22,03787878787879;
22,070921985815602;
22,086666666666666;
22,03105590062112;
22,02958579881657;
22,03370786516854;
22,026881720430108;
22,010526315789473;
22,02030456852792;
22,004901960784313;
22,009478672985782;
21,96788990825688;
21,94759825327511;
21,966101694915253;
22,004115226337447;
21,956521739130434;
21,96564885496183;
21,96309963099631;
21,96389891696751;
21,989436619718308;
NaN;
22,142857142857142;
22,133333333333333;
22,166666666666668;
21,84375;
21,976744186046513;
22,01923076923077;
22,035087719298247;
21,971014492753625;
22,012820512820515;
22,057471264367816;
22,03191489361702;
22,106796116504853;
22,098214285714285;
22,06896551724138;
22,10483870967742;
22,03787878787879;
22,070921985815602;
22,086666666666666;
22,03105590062112;
22,02958579881657;
22,03370786516854;
22,026881720430108;
22,010526315789473;
22,02030456852792;
22,004901960784313;
22,009478672985782;
21,96788990825688;
21,94759825327511;
21,966101694915253;
22,004115226337447;
21,956521739130434;
21,96564885496183;
21,96309963099631;
21,96389891696751;
21,989436619718308;
