NaN;
25,703703703703702;
25,410714285714285;
25,45679012345679;
25,62727272727273;
25,585185185185185;
25,51875;
25,51851851851852;
25,389908256880734;
25,504032258064516;
25,44890510948905;
25,470588235294116;
25,386706948640484;
25,383152173913043;
25,384422110552762;
25,37115839243499;
25,407572383073497;
25,454926624737947;
25,457760314341847;
25,4438202247191;
25,45950704225352;
25,482876712328768;
25,531400966183575;
25,572085889570552;
25,56764705882353;
25,535864978902953;
25,537837837837838;
25,540364583333332;
25,520650813516895;
25,506586826347306;
25,48661233993015;
25,4983164983165;
25,519438444924408;
25,51199165797706;
25,503036437246962;
25,50492125984252;
