NaN;
22,666666666666668;
22,333333333333332;
22,444444444444443;
22,5;
22,428571428571427;
22,41176470588235;
22,2;
22,347826086956523;
22,32;
22,178571428571427;
22,35483870967742;
22,705882352941178;
22,64864864864865;
22,564102564102566;
22,761904761904763;
22,77777777777778;
23,020833333333332;
23,12;
23,18867924528302;
23,232142857142858;
23,271186440677965;
23,5;
23,46875;
23,402985074626866;
23,37142857142857;
23,36986301369863;
23,30666666666667;
23,307692307692307;
23,296296296296298;
23,297619047619047;
23,379310344827587;
23,40449438202247;
23,445652173913043;
23,526315789473685;
23,47422680412371;
NaN;
44,214285714285715;
45,857142857142854;
48,595238095238095;
47,92857142857143;
47,710144927536234;
47,0;
47,27835051546392;
47,77477477477478;
47,088;
46,906474820143885;
46,947712418300654;
46,724550898203596;
46,31491712707182;
46,43076923076923;
46,61057692307692;
46,515837104072396;
46,53617021276596;
46,437751004016064;
46,152091254752854;
46,33935018050541;
46,192439862542955;
46,35737704918033;
46,23197492163009;
45,95783132530121;
45,872832369942195;
45,705555555555556;
45,75401069518717;
45,68041237113402;
45,659203980099505;
45,88701923076923;
46,17674418604651;
46,214446952595935;
46,082969432314414;
46,29511677282378;
46,21443298969072;
NaN;
44,214285714285715;
45,857142857142854;
48,595238095238095;
47,92857142857143;
47,710144927536234;
47,0;
47,27835051546392;
47,77477477477478;
47,088;
46,906474820143885;
46,947712418300654;
46,724550898203596;
46,31491712707182;
46,43076923076923;
46,61057692307692;
46,515837104072396;
46,53617021276596;
46,437751004016064;
46,152091254752854;
46,33935018050541;
46,192439862542955;
46,35737704918033;
46,23197492163009;
45,95783132530121;
45,872832369942195;
45,705555555555556;
45,75401069518717;
45,68041237113402;
45,659203980099505;
45,88701923076923;
46,17674418604651;
46,214446952595935;
46,082969432314414;
46,29511677282378;
46,21443298969072;
NaN;
44,214285714285715;
45,857142857142854;
48,595238095238095;
47,92857142857143;
47,710144927536234;
47,0;
47,27835051546392;
47,77477477477478;
47,088;
46,906474820143885;
46,947712418300654;
46,724550898203596;
46,31491712707182;
46,43076923076923;
46,61057692307692;
46,515837104072396;
46,53617021276596;
46,437751004016064;
46,152091254752854;
46,33935018050541;
46,192439862542955;
46,35737704918033;
46,23197492163009;
45,95783132530121;
45,872832369942195;
45,705555555555556;
45,75401069518717;
45,68041237113402;
45,659203980099505;
45,88701923076923;
46,17674418604651;
46,214446952595935;
46,082969432314414;
46,29511677282378;
46,21443298969072;
NaN;
44,214285714285715;
45,857142857142854;
48,595238095238095;
47,92857142857143;
47,710144927536234;
47,0;
47,27835051546392;
47,77477477477478;
NaN;
44,214285714285715;
45,857142857142854;
48,595238095238095;
47,92857142857143;
47,710144927536234;
47,0;
47,27835051546392;
47,77477477477478;
47,088;
46,906474820143885;
46,947712418300654;
46,724550898203596;
46,31491712707182;
46,43076923076923;
46,61057692307692;
46,515837104072396;
46,53617021276596;
46,437751004016064;
46,152091254752854;
46,33935018050541;
46,192439862542955;
46,35737704918033;
46,23197492163009;
45,95783132530121;
45,872832369942195;
45,705555555555556;
45,75401069518717;
45,68041237113402;
45,659203980099505;
45,88701923076923;
46,17674418604651;
46,214446952595935;
46,082969432314414;
46,29511677282378;
46,21443298969072;
NaN;
44,214285714285715;
45,857142857142854;
48,595238095238095;
47,92857142857143;
47,710144927536234;
47,0;
47,27835051546392;
47,77477477477478;
47,088;
46,906474820143885;
46,947712418300654;
46,724550898203596;
46,31491712707182;
46,43076923076923;
46,61057692307692;
46,515837104072396;
46,53617021276596;
46,437751004016064;
46,152091254752854;
46,33935018050541;
46,192439862542955;
46,35737704918033;
46,23197492163009;
45,95783132530121;
45,872832369942195;
45,705555555555556;
45,75401069518717;
45,68041237113402;
45,659203980099505;
45,88701923076923;
46,17674418604651;
46,214446952595935;
46,082969432314414;
46,29511677282378;
46,21443298969072;
NaN;
44,214285714285715;
45,857142857142854;
48,595238095238095;
47,92857142857143;
47,710144927536234;
47,0;
47,27835051546392;
47,77477477477478;
47,088;
46,906474820143885;
46,947712418300654;
46,724550898203596;
46,31491712707182;
46,43076923076923;
46,61057692307692;
46,515837104072396;
46,53617021276596;
46,437751004016064;
46,152091254752854;
46,33935018050541;
46,192439862542955;
46,35737704918033;
46,23197492163009;
45,95783132530121;
45,872832369942195;
45,705555555555556;
45,75401069518717;
45,68041237113402;
45,659203980099505;
45,88701923076923;
46,17674418604651;
46,214446952595935;
46,082969432314414;
46,29511677282378;
46,21443298969072;
NaN;
20,0;
20,0;
20,0;
20,0;
20,0;
20,0;
20,0;
20,0;
20,0;
20,0;
20,0;
20,0;
20,0;
20,0;
20,0;
20,0;
20,0;
20,0;
20,0;
20,0;
20,0;
20,0;
20,0;
20,0;
20,0;
20,0;
20,0;
20,0;
20,0;
20,0;
20,0;
20,0;
20,0;
20,0;
20,0;
NaN;
20,0;
20,0;
20,0;
20,0;
20,0;
20,0;
20,0;
20,0;
20,0;
20,0;
20,0;
20,0;
20,0;
20,0;
20,0;
20,0;
20,0;
20,0;
20,0;
20,0;
20,0;
20,0;
20,0;
20,0;
20,0;
20,0;
20,0;
20,0;
20,0;
20,0;
20,0;
20,0;
20,0;
20,0;
20,0;
NaN;
20,0;
20,0;
20,0;
20,0;
20,0;
20,0;
20,0;
20,0;
20,0;
20,0;
20,0;
20,0;
20,0;
20,0;
20,0;
20,0;
20,0;
20,0;
20,0;
20,0;
20,0;
20,0;
20,0;
20,0;
20,0;
20,0;
20,0;
20,0;
20,0;
20,0;
20,0;
20,0;
20,0;
20,0;
20,0;
NaN;
20,0;
20,0;
20,0;
20,0;
20,0;
20,0;
20,0;
20,0;
20,0;
20,0;
20,0;
20,0;
20,0;
20,0;
20,0;
20,0;
20,0;
20,0;
20,0;
20,0;
20,0;
20,0;
20,0;
20,0;
20,0;
20,0;
20,0;
20,0;
20,0;
20,0;
20,0;
20,0;
20,0;
20,0;
20,0;
NaN;
20,0;
20,0;
20,0;
20,0;
20,0;
20,0;
20,0;
20,0;
20,0;
20,0;
20,0;
20,0;
20,0;
20,0;
20,0;
20,0;
20,0;
20,0;
20,0;
20,0;
20,0;
20,0;
20,0;
20,0;
20,0;
20,0;
20,0;
20,0;
20,0;
20,0;
20,0;
20,0;
20,0;
20,0;
20,0;
NaN;
20,0;
20,0;
20,0;
20,0;
20,0;
20,0;
20,0;
20,0;
20,0;
20,0;
20,0;
20,0;
20,0;
20,0;
20,0;
20,0;
20,0;
20,0;
20,0;
20,0;
20,0;
20,0;
20,0;
20,0;
20,0;
20,0;
20,0;
20,0;
20,0;
20,0;
20,0;
20,0;
20,0;
20,0;
20,0;
NaN;
20,0;
20,0;
20,0;
20,0;
20,0;
20,0;
20,0;
20,0;
20,0;
20,0;
20,0;
20,0;
20,0;
20,0;
20,0;
20,0;
20,0;
20,0;
20,0;
20,0;
20,0;
20,0;
20,0;
20,0;
20,0;
20,0;
20,0;
20,0;
20,0;
20,0;
20,0;
20,0;
20,0;
20,0;
20,0;
NaN;
44,214285714285715;
45,857142857142854;
48,595238095238095;
47,92857142857143;
47,710144927536234;
47,0;
47,27835051546392;
47,77477477477478;
47,088;
46,906474820143885;
46,947712418300654;
46,724550898203596;
46,31491712707182;
46,43076923076923;
46,61057692307692;
46,515837104072396;
46,53617021276596;
46,437751004016064;
46,152091254752854;
46,33935018050541;
46,192439862542955;
46,35737704918033;
46,23197492163009;
45,95783132530121;
45,872832369942195;
45,705555555555556;
45,75401069518717;
45,68041237113402;
45,659203980099505;
45,88701923076923;
46,17674418604651;
46,214446952595935;
46,082969432314414;
46,29511677282378;
46,21443298969072;
NaN;
107,56923076923077;
107,04850746268657;
105,7328431372549;
106,37912087912088;
105,84839650145773;
105,3905109489051;
105,41710114702815;
105,08;
104,63790322580645;
104,49927431059507;
104,5016501650165;
104,34299516908213;
103,82552954292085;
103,81695966907962;
103,44133268952197;
103,46784420289855;
103,46058798466127;
103,39228295819936;
103,29584445291651;
103,22620340209917;
103,09382545705415;
102,92203947368421;
102,7137464611513;
102,52682338758288;
102,38726483357453;
102,3864774624374;
102,34199946395069;
102,25542355371901;
102,3354967548677;
102,47213510253317;
102,44517032197854;
102,41179128077705;
102,29432390970852;
102,15245587922603;
102,25144628099173;
NaN;
142,800796812749;
140,4463276836158;
140,5167701863354;
139,31002759889606;
138,5608504398827;
137,84981684981685;
137,25208768267223;
136,8288452761296;
136,13414141414142;
135,67538126361657;
135,260826446281;
134,7747502270663;
134,0806586659224;
133,85255247473438;
133,38790810157195;
133,3473827328348;
132,93023255813952;
132,74446234393878;
132,76168670101126;
132,68249365712214;
132,5440745213041;
132,46378004609812;
132,36718626987877;
132,30718165359082;
132,2843492109454;
132,13342618384402;
132,18954423592493;
132,02725746027645;
131,94485339987523;
131,8217344108069;
131,72554284380107;
131,70562966312457;
131,59984647439413;
131,4527077348654;
131,432778753746;
NaN;
20,5;
20,666666666666668;
20,6;
20,666666666666668;
20,571428571428573;
20,555555555555557;
20,5;
20,416666666666668;
20,53846153846154;
20,5;
20,4375;
20,41176470588235;
20,42105263157895;
20,4;
20,428571428571427;
20,47826086956522;
20,5;
20,5;
20,46153846153846;
20,444444444444443;
20,428571428571427;
20,448275862068964;
20,466666666666665;
20,4375;
20,4375;
20,41176470588235;
20,4;
20,444444444444443;
20,5;
20,487179487179485;
20,48780487804878;
20,48780487804878;
20,476190476190474;
20,477272727272727;
20,466666666666665;
NaN;
20,5;
20,666666666666668;
20,6;
20,666666666666668;
20,571428571428573;
20,555555555555557;
20,5;
20,416666666666668;
20,53846153846154;
20,5;
20,4375;
20,41176470588235;
20,42105263157895;
20,4;
20,428571428571427;
20,47826086956522;
20,5;
20,5;
20,46153846153846;
20,444444444444443;
20,428571428571427;
20,448275862068964;
20,466666666666665;
20,4375;
20,4375;
20,41176470588235;
20,4;
20,444444444444443;
20,5;
20,487179487179485;
20,48780487804878;
20,48780487804878;
20,476190476190474;
20,477272727272727;
20,466666666666665;
NaN;
20,5;
20,666666666666668;
20,6;
20,666666666666668;
20,571428571428573;
20,555555555555557;
20,5;
20,416666666666668;
20,53846153846154;
20,5;
20,4375;
20,41176470588235;
20,42105263157895;
20,4;
20,428571428571427;
20,47826086956522;
20,5;
20,5;
20,46153846153846;
20,444444444444443;
20,428571428571427;
20,448275862068964;
20,466666666666665;
20,4375;
20,4375;
20,41176470588235;
20,4;
20,444444444444443;
20,5;
20,487179487179485;
20,48780487804878;
20,48780487804878;
20,476190476190474;
20,477272727272727;
20,466666666666665;
NaN;
20,5;
20,666666666666668;
20,6;
20,666666666666668;
20,571428571428573;
20,555555555555557;
20,5;
20,416666666666668;
20,53846153846154;
20,5;
20,4375;
20,41176470588235;
20,42105263157895;
20,4;
20,428571428571427;
20,47826086956522;
20,5;
20,5;
20,46153846153846;
20,444444444444443;
20,428571428571427;
20,448275862068964;
20,466666666666665;
20,4375;
20,4375;
20,41176470588235;
20,4;
20,444444444444443;
20,5;
20,487179487179485;
20,48780487804878;
20,48780487804878;
20,476190476190474;
20,477272727272727;
20,466666666666665;
NaN;
107,56923076923077;
107,04850746268657;
105,7328431372549;
106,37912087912088;
105,84839650145773;
105,3905109489051;
105,41710114702815;
105,08;
104,63790322580645;
104,49927431059507;
104,5016501650165;
104,34299516908213;
103,82552954292085;
103,81695966907962;
103,44133268952197;
103,46784420289855;
103,46058798466127;
103,39228295819936;
103,29584445291651;
103,22620340209917;
103,09382545705415;
102,92203947368421;
102,7137464611513;
102,52682338758288;
102,38726483357453;
102,3864774624374;
102,34199946395069;
102,25542355371901;
102,3354967548677;
102,47213510253317;
102,44517032197854;
102,41179128077705;
102,29432390970852;
102,15245587922603;
102,25144628099173;
NaN;
107,56923076923077;
107,04850746268657;
105,7328431372549;
106,37912087912088;
105,84839650145773;
105,3905109489051;
105,41710114702815;
105,08;
104,63790322580645;
104,49927431059507;
104,5016501650165;
104,34299516908213;
103,82552954292085;
103,81695966907962;
103,44133268952197;
103,46784420289855;
103,46058798466127;
103,39228295819936;
103,29584445291651;
103,22620340209917;
103,09382545705415;
102,92203947368421;
102,7137464611513;
102,52682338758288;
102,38726483357453;
102,3864774624374;
102,34199946395069;
102,25542355371901;
102,3354967548677;
102,47213510253317;
102,44517032197854;
102,41179128077705;
102,29432390970852;
102,15245587922603;
102,25144628099173;
NaN;
107,56923076923077;
107,04850746268657;
105,7328431372549;
106,37912087912088;
105,84839650145773;
105,3905109489051;
105,41710114702815;
105,08;
104,63790322580645;
104,49927431059507;
104,5016501650165;
104,34299516908213;
103,82552954292085;
103,81695966907962;
103,44133268952197;
103,46784420289855;
103,46058798466127;
103,39228295819936;
103,29584445291651;
103,22620340209917;
103,09382545705415;
102,92203947368421;
102,7137464611513;
102,52682338758288;
102,38726483357453;
102,3864774624374;
102,34199946395069;
102,25542355371901;
102,3354967548677;
102,47213510253317;
102,44517032197854;
102,41179128077705;
102,29432390970852;
102,15245587922603;
102,25144628099173;
NaN;
107,56923076923077;
107,04850746268657;
105,7328431372549;
106,37912087912088;
105,84839650145773;
105,3905109489051;
105,41710114702815;
105,08;
104,63790322580645;
104,49927431059507;
104,5016501650165;
104,34299516908213;
103,82552954292085;
103,81695966907962;
103,44133268952197;
103,46784420289855;
103,46058798466127;
103,39228295819936;
103,29584445291651;
103,22620340209917;
103,09382545705415;
102,92203947368421;
102,7137464611513;
102,52682338758288;
102,38726483357453;
102,3864774624374;
102,34199946395069;
102,25542355371901;
102,3354967548677;
102,47213510253317;
102,44517032197854;
102,41179128077705;
102,29432390970852;
102,15245587922603;
102,25144628099173;
NaN;
59,7037037037037;
59,666666666666664;
58,855421686746986;
59,74545454545454;
60,35971223021583;
59,83734939759036;
60,01546391752577;
60,972972972972975;
61,076;
60,6173285198556;
60,01311475409836;
59,68168168168168;
60,011080332409975;
60,13917525773196;
60,15865384615385;
60,126126126126124;
60,05307855626327;
60,062;
59,994307400379505;
59,810810810810814;
59,92795883361921;
59,89198036006547;
59,924764890282134;
59,87987987987988;
59,904761904761905;
59,923611111111114;
59,8783422459893;
59,854193548387094;
59,92278953922789;
59,83032490974729;
59,969661610268375;
60,12768361581921;
60,070098576122675;
60,15638297872341;
60,10950413223141;
NaN;
44,214285714285715;
45,857142857142854;
48,595238095238095;
47,92857142857143;
47,710144927536234;
47,0;
47,27835051546392;
47,77477477477478;
47,088;
46,906474820143885;
46,947712418300654;
46,724550898203596;
46,31491712707182;
46,43076923076923;
46,61057692307692;
46,515837104072396;
46,53617021276596;
46,437751004016064;
46,152091254752854;
46,33935018050541;
46,192439862542955;
46,35737704918033;
46,23197492163009;
45,95783132530121;
45,872832369942195;
45,705555555555556;
45,75401069518717;
45,68041237113402;
45,659203980099505;
45,88701923076923;
46,17674418604651;
46,214446952595935;
46,082969432314414;
46,29511677282378;
46,21443298969072;
NaN;
44,214285714285715;
45,857142857142854;
48,595238095238095;
47,92857142857143;
47,710144927536234;
47,0;
47,27835051546392;
47,77477477477478;
47,088;
46,906474820143885;
46,947712418300654;
46,724550898203596;
46,31491712707182;
46,43076923076923;
46,61057692307692;
46,515837104072396;
46,53617021276596;
46,437751004016064;
46,152091254752854;
46,33935018050541;
46,192439862542955;
46,35737704918033;
46,23197492163009;
45,95783132530121;
45,872832369942195;
45,705555555555556;
45,75401069518717;
45,68041237113402;
45,659203980099505;
45,88701923076923;
46,17674418604651;
46,214446952595935;
46,082969432314414;
46,29511677282378;
46,21443298969072;
NaN;
44,214285714285715;
45,857142857142854;
48,595238095238095;
47,92857142857143;
47,710144927536234;
47,0;
47,27835051546392;
47,77477477477478;
47,088;
46,906474820143885;
46,947712418300654;
46,724550898203596;
46,31491712707182;
46,43076923076923;
46,61057692307692;
46,515837104072396;
46,53617021276596;
46,437751004016064;
46,152091254752854;
46,33935018050541;
46,192439862542955;
46,35737704918033;
46,23197492163009;
45,95783132530121;
45,872832369942195;
45,705555555555556;
45,75401069518717;
45,68041237113402;
45,659203980099505;
45,88701923076923;
46,17674418604651;
46,214446952595935;
46,082969432314414;
46,29511677282378;
46,21443298969072;
