NaN;
20,0;
20,0;
20,0;
20,0;
20,0;
20,058823529411764;
20,1;
20,130434782608695;
20,2;
20,321428571428573;
20,29032258064516;
20,323529411764707;
20,35135135135135;
20,333333333333332;
20,341463414634145;
20,318181818181817;
20,319148936170212;
20,306122448979593;
20,326923076923077;
20,30909090909091;
20,29310344827586;
20,311475409836067;
20,3015873015873;
20,303030303030305;
20,28985507246377;
20,291666666666668;
20,283783783783782;
20,272727272727273;
20,265822784810126;
20,25609756097561;
20,24705882352941;
20,25287356321839;
20,244444444444444;
20,236559139784948;
20,239583333333332;
NaN;
20,0;
20,0;
20,0;
20,0;
20,0;
20,058823529411764;
20,1;
20,130434782608695;
20,2;
20,321428571428573;
20,29032258064516;
20,323529411764707;
20,35135135135135;
20,333333333333332;
20,341463414634145;
20,318181818181817;
20,319148936170212;
20,306122448979593;
20,326923076923077;
20,30909090909091;
20,29310344827586;
20,311475409836067;
20,3015873015873;
20,303030303030305;
20,28985507246377;
20,291666666666668;
20,283783783783782;
20,272727272727273;
20,265822784810126;
20,25609756097561;
20,24705882352941;
20,25287356321839;
20,244444444444444;
20,236559139784948;
20,239583333333332;
