NaN;
24,88888888888889;
25,07894736842105;
25,051724137931036;
25,0;
25,16190476190476;
25,0;
25,24342105263158;
25,13450292397661;
24,98421052631579;
25,08252427184466;
25,061135371179038;
25,078512396694215;
25,00380228136882;
24,993079584775085;
24,996774193548386;
25,003039513677813;
24,985915492957748;
25,007772020725387;
25,0;
24,983758700696054;
25,017543859649123;
25,0188679245283;
24,95740365111562;
24,958742632612967;
24,99624765478424;
25,029038112522684;
24,998236331569665;
24,998305084745763;
25,00164744645799;
25,02066772655008;
25,010835913312693;
25,019461077844312;
25,01029411764706;
25,001440922190202;
25,00140252454418;
