NaN;
22,818181818181817;
22,785714285714285;
23,05;
23,50943396226415;
23,323529411764707;
23,45;
23,415730337078653;
23,451923076923077;
23,474137931034484;
23,435114503816795;
23,444444444444443;
23,46794871794872;
23,462962962962962;
23,443181818181817;
23,51578947368421;
23,514563106796118;
23,488584474885844;
23,474358974358974;
23,42448979591837;
23,467432950191572;
23,485294117647058;
23,438356164383563;
23,48184818481848;
23,511111111111113;
23,483180428134556;
23,530434782608694;
23,55492957746479;
23,52861035422343;
23,544736842105262;
23,55470737913486;
23,496350364963504;
23,471698113207548;
23,469248291571756;
23,455555555555556;
23,45;
NaN;
22,818181818181817;
22,785714285714285;
23,05;
23,50943396226415;
23,323529411764707;
23,45;
23,415730337078653;
23,451923076923077;
23,474137931034484;
23,435114503816795;
23,444444444444443;
23,46794871794872;
23,462962962962962;
23,443181818181817;
23,51578947368421;
23,514563106796118;
23,488584474885844;
23,474358974358974;
23,42448979591837;
23,467432950191572;
23,485294117647058;
23,438356164383563;
23,48184818481848;
23,511111111111113;
23,483180428134556;
23,530434782608694;
23,55492957746479;
23,52861035422343;
23,544736842105262;
23,55470737913486;
23,496350364963504;
23,471698113207548;
23,469248291571756;
23,455555555555556;
23,45;
