NaN;
0.5;
0.5357142857142857;
0.5714285714285714;
0.5714285714285714;
0.6142857142857143;
0.6190476190476191;
0.5876288659793815;
0.6216216216216216;
0.624;
0.6258992805755396;
0.6143790849673203;
0.6167664670658682;
0.6187845303867403;
0.5979381443298969;
0.5961538461538461;
0.5945945945945946;
0.6;
0.6024096385542169;
0.6121673003802282;
0.6101083032490975;
0.6116838487972509;
0.6098360655737705;
0.5956112852664577;
0.5915915915915916;
0.5895953757225434;
0.5877437325905293;
0.5844504021447721;
0.5917312661498708;
0.5885286783042394;
0.5855421686746988;
0.5897435897435898;
0.5914221218961625;
0.5929978118161926;
0.5881104033970276;
0.5867768595041323;
NaN;
0.5;
0.5357142857142857;
0.5714285714285714;
0.5714285714285714;
0.6142857142857143;
0.6190476190476191;
0.5876288659793815;
0.6216216216216216;
0.624;
0.6258992805755396;
0.6143790849673203;
0.6167664670658682;
0.6187845303867403;
0.5979381443298969;
0.5961538461538461;
0.5945945945945946;
0.6;
0.6024096385542169;
0.6121673003802282;
0.6101083032490975;
0.6116838487972509;
0.6098360655737705;
0.5956112852664577;
0.5915915915915916;
0.5895953757225434;
0.5877437325905293;
0.5844504021447721;
0.5917312661498708;
0.5885286783042394;
0.5855421686746988;
0.5897435897435898;
0.5914221218961625;
0.5929978118161926;
0.5881104033970276;
0.5867768595041323;
