NaN;
1.0;
1.0;
1.0;
1.0;
1.0;
1.0;
1.0;
1.0;
1.0;
1.0;
1.0;
1.0;
1.0;
1.0;
1.0;
1.0;
1.0;
1.0;
1.0;
1.0;
1.0;
1.0;
1.0;
1.0;
1.0;
1.0;
1.0;
1.0;
1.0;
1.0;
1.0;
1.0;
1.0;
1.0;
1.0;
NaN;
1.0;
1.0;
1.0;
1.0;
1.0;
1.0;
1.0;
1.0;
1.0;
1.0;
1.0;
1.0;
1.0;
1.0;
1.0;
1.0;
1.0;
1.0;
1.0;
1.0;
1.0;
1.0;
1.0;
1.0;
1.0;
1.0;
1.0;
1.0;
1.0;
1.0;
1.0;
1.0;
1.0;
1.0;
1.0;
NaN;
0.5;
0.5357142857142857;
0.5714285714285714;
0.5714285714285714;
0.6142857142857143;
0.6190476190476191;
0.5876288659793815;
0.6216216216216216;
0.624;
0.6258992805755396;
0.6143790849673203;
0.6167664670658682;
0.6187845303867403;
0.5979381443298969;
0.5961538461538461;
0.5945945945945946;
0.6;
0.6024096385542169;
0.6121673003802282;
0.6101083032490975;
0.6116838487972509;
0.6098360655737705;
0.5956112852664577;
0.5915915915915916;
0.5895953757225434;
0.5877437325905293;
0.5844504021447721;
0.5917312661498708;
0.5885286783042394;
0.5855421686746988;
0.5897435897435898;
0.5914221218961625;
0.5929978118161926;
0.5881104033970276;
0.5867768595041323;
NaN;
0.39285714285714285;
0.5;
0.4819277108433735;
0.4774774774774775;
0.4892086330935252;
0.47904191616766467;
0.4587628865979381;
0.46846846846846846;
0.464;
0.4712230215827338;
0.47058823529411764;
0.46846846846846846;
0.4487534626038781;
0.4524421593830334;
0.4556354916067146;
0.46292134831460674;
0.4639830508474576;
0.468;
0.4640151515151515;
0.4694244604316547;
0.4665523156089194;
0.4779050736497545;
0.47417840375586856;
0.47226386806596704;
0.4711815561959654;
0.4778393351800554;
0.47333333333333333;
0.4717223650385604;
0.4720496894409938;
0.4717887154861945;
0.47735191637630664;
0.4769403824521935;
0.4787350054525627;
0.4766949152542373;
0.4732510288065844;
NaN;
0.13138686131386862;
0.13818181818181818;
0.14009661835748793;
0.14620938628158844;
0.15173410404624277;
0.15264423076923078;
0.15670103092783505;
0.15419296663660956;
0.15224358974358973;
0.14862914862914864;
0.15006553079947577;
0.14534534534534535;
0.14586799778147533;
0.1487390633041688;
0.148895292987512;
0.1481981981981982;
0.1504237288135593;
0.1545236188951161;
0.15737580583996966;
0.15525936599423631;
0.15643224699828473;
0.15618860510805502;
0.1544002505480739;
0.1528069648754128;
0.15360230547550432;
0.15267387087835965;
0.15128068303094985;
0.1517880113197839;
0.1507699950322901;
0.1510566762728146;
0.15009293680297398;
0.1503488633805987;
0.14843920541366515;
0.14703389830508476;
0.14673801193661248;
NaN;
0.7142857142857143;
0.6785714285714286;
0.6666666666666666;
0.7142857142857143;
0.6285714285714286;
0.6547619047619048;
0.6428571428571429;
0.6306306306306306;
0.656;
0.6546762589928058;
0.6535947712418301;
0.6467065868263473;
0.6464088397790055;
0.6564102564102564;
0.6411483253588517;
0.6233183856502242;
0.6085106382978723;
0.6104417670682731;
0.6083650190114068;
0.6028880866425993;
0.6082474226804123;
0.6163934426229508;
0.6206896551724138;
0.6204819277108434;
0.6231884057971014;
0.6267409470752089;
0.6193029490616622;
0.6149870801033591;
0.6159600997506235;
0.6168674698795181;
0.62004662004662;
0.6094808126410836;
0.6105032822757112;
0.6093418259023354;
0.6033057851239669;
NaN;
0.4642857142857143;
0.48214285714285715;
0.4457831325301205;
0.4818181818181818;
0.43478260869565216;
0.42168674698795183;
0.41968911917098445;
0.4117647058823529;
0.4112903225806452;
0.391304347826087;
0.3815789473684211;
0.3957703927492447;
0.39275766016713093;
0.4005167958656331;
0.39036144578313253;
0.38461538461538464;
0.3829787234042553;
0.3855421686746988;
0.3916349809885932;
0.3916967509025271;
0.3958691910499139;
0.3973727422003284;
0.4003139717425432;
0.4045112781954887;
0.4060693641618497;
0.4144645340751043;
0.4149933065595716;
0.4154838709677419;
0.41697877652933835;
0.4178743961352657;
0.4158878504672897;
0.41968325791855204;
0.41931942919868276;
0.4206602768903088;
0.42295760082730094;
NaN;
0.1386861313868613;
0.14130434782608695;
0.1642512077294686;
0.16455696202531644;
0.17341040462427745;
0.16726835138387486;
0.17216494845360825;
0.17148014440433212;
0.16599839615076184;
0.16666666666666666;
0.16217990807616547;
0.1588447653429603;
0.16102165463631316;
0.1588447653429603;
0.15743861338468945;
0.15808491418247517;
0.15858843537414966;
0.1569650742673625;
0.15595283377710156;
0.15570809248554912;
0.156121045392022;
0.15402298850574714;
0.1526861451460886;
0.15197111044237135;
0.1514013290956371;
0.15166666666666667;
0.15115034777956127;
0.14963880288957687;
0.14844333748443336;
0.1480857211654226;
0.14798415287811698;
0.14721156017159628;
0.14689141856392293;
0.1468026343743361;
0.14630623194387124;
NaN;
0.1282051282051282;
0.11861313868613138;
0.11259079903147699;
0.11040723981900452;
0.10057887120115774;
0.10240963855421686;
0.10268317853457172;
0.10203160270880361;
0.09943865276663993;
0.10180505415162455;
0.1062992125984252;
0.10796992481203008;
0.10821309655937847;
0.10647073988141273;
0.10485810485810486;
0.10504959422903516;
0.10526315789473684;
0.10721442885771543;
0.10725132877752468;
0.10658250676284942;
0.10702628414361794;
0.10542711919986883;
0.10428100987925357;
0.10354673880372708;
0.10375180375180375;
0.10309421395865132;
0.1030197755211117;
0.10329726944873777;
0.10286069651741293;
0.10257335257335258;
0.10313118379699686;
0.10295444294091115;
0.10311645708037179;
0.10211230230336482;
0.10283651366683857;
NaN;
0.1282051282051282;
0.11861313868613138;
0.11259079903147699;
0.11040723981900452;
0.10057887120115774;
0.10240963855421686;
0.10268317853457172;
0.10203160270880361;
0.09943865276663993;
0.10180505415162455;
0.1062992125984252;
0.10796992481203008;
0.10821309655937847;
0.10647073988141273;
0.10485810485810486;
0.10504959422903516;
0.10526315789473684;
0.10721442885771543;
0.10725132877752468;
0.10658250676284942;
0.10702628414361794;
0.10542711919986883;
0.10428100987925357;
0.10354673880372708;
0.10375180375180375;
0.10309421395865132;
0.1030197755211117;
0.10329726944873777;
0.10286069651741293;
0.10257335257335258;
0.10313118379699686;
0.10295444294091115;
0.10311645708037179;
0.10211230230336482;
0.10283651366683857;
NaN;
NaN;
NaN;
1.0;
1.0;
1.0;
1.0;
1.0;
1.0;
1.0;
1.0;
1.0;
1.0;
1.0;
1.0;
1.0;
1.0;
1.0;
1.0;
1.0;
1.0;
1.0;
1.0;
1.0;
1.0;
1.0;
1.0;
1.0;
1.0;
1.0;
1.0;
1.0;
1.0;
0.9885057471264368;
0.9887640449438202;
0.9891304347826086;
0.9894736842105263;
0.9897959183673469;
NaN;
NaN;
NaN;
NaN;
1.0;
1.0;
1.0;
1.0;
1.0;
1.0;
1.0;
1.0;
1.0;
1.0;
1.0;
1.0;
1.0;
1.0;
1.0;
1.0;
1.0;
1.0;
1.0;
1.0;
1.0;
1.0;
1.0;
1.0;
1.0;
1.0;
1.0;
1.0;
1.0;
1.0;
0.9885057471264368;
0.9887640449438202;
0.9891304347826086;
0.9894736842105263;
0.9897959183673469;
NaN;
0.08241758241758242;
0.07901907356948229;
0.07729468599033816;
0.07501129688206055;
0.07628344179320318;
0.07585791691751957;
0.07757731958762887;
0.07917888563049853;
0.07797153738224093;
0.07793613566660654;
0.07721311475409837;
0.07785961220502029;
0.07701915070774355;
0.0775473399458972;
0.07730223611445058;
0.07652428716330441;
0.07520950461440543;
0.07393307954317772;
0.07355732725892179;
0.07267153547921738;
0.07154513441552865;
0.07084870848708487;
0.07052086601819893;
0.07034949267192785;
0.06999567037090489;
0.06938180808991883;
0.06954836985569214;
0.06972548008764017;
0.06973995271867613;
0.06958561376075059;
0.06931672680712374;
0.06935047361299053;
0.06943685073810825;
0.06924546322827126;
0.06876288659793814;
NaN;
0.9743589743589743;
0.9727767695099818;
0.9722557297949337;
0.9701627486437613;
0.9667630057803468;
0.9663056558363418;
0.965979381443299;
0.9657194406856112;
0.9638989169675091;
0.9635642135642135;
0.962938668415874;
0.9627291854523595;
0.9633841886269071;
0.9618851403553953;
0.9627403846153846;
0.9628294660959675;
0.9624761500953997;
0.9615615615615616;
0.96149468892261;
0.9607207207207207;
0.9610501029512697;
0.9613431613431613;
0.9614540896270761;
0.9612670770154631;
0.9609397520899394;
0.9609255923513925;
0.9603735823882589;
0.9599845599588266;
0.9596323438082226;
0.9592890596853608;
0.9586335115036021;
0.9586897793786583;
0.9579740203034603;
0.9574062301335029;
0.9573942574868787;
NaN;
1.0;
1.0;
1.0;
1.0;
1.0;
1.0;
1.0;
1.0;
1.0;
1.0;
1.0;
1.0;
1.0;
1.0;
1.0;
1.0;
1.0;
1.0;
1.0;
1.0;
1.0;
1.0;
1.0;
1.0;
1.0;
1.0;
1.0;
1.0;
1.0;
1.0;
1.0;
1.0;
1.0;
1.0;
1.0;
NaN;
1.0;
1.0;
1.0;
1.0;
1.0;
1.0;
1.0;
1.0;
1.0;
1.0;
1.0;
1.0;
1.0;
1.0;
1.0;
1.0;
1.0;
0.996;
0.9962121212121212;
0.9964028776978417;
0.9965753424657534;
0.9967320261437909;
0.996875;
0.9970059880239521;
0.9971264367816092;
0.997229916897507;
0.9973333333333333;
0.9974293059125964;
0.9975186104218362;
0.9975961538461539;
0.9976744186046511;
0.9977477477477478;
0.9978165938864629;
0.9978768577494692;
0.9979381443298969;
NaN;
1.0;
1.0;
1.0;
1.0;
1.0;
1.0;
1.0;
1.0;
1.0;
1.0;
1.0;
1.0;
1.0;
1.0;
1.0;
1.0;
1.0;
1.0;
1.0;
1.0;
0.9982847341337907;
0.9983633387888707;
0.9984350547730829;
0.9985007496251874;
0.9985590778097982;
0.9986149584487535;
0.9986666666666667;
0.9987146529562982;
0.9987593052109182;
0.9987995198079231;
0.9988385598141696;
0.9988751406074241;
0.9989094874591058;
0.9989406779661016;
0.9989711934156379;
NaN;
0.948905109489051;
0.9601449275362319;
0.966183574879227;
0.9656419529837251;
0.9725433526011561;
0.9747596153846154;
0.9721649484536082;
0.9711451758340848;
0.9735576923076923;
0.9762076423936553;
0.9757536041939712;
0.9777777777777777;
0.9772727272727273;
0.975785677485832;
0.9750120134550697;
0.975214060387562;
0.9754028837998303;
0.9759711653984782;
0.9761001517450683;
0.9762076423936553;
0.9763212079615649;
0.9767365661861075;
0.9768170426065163;
0.9774774774774775;
0.9769385990198904;
0.9769955654101996;
0.9770483053109154;
0.9768399382398353;
0.9766459627329193;
0.9764649375600384;
0.9767549976754998;
0.9765818509344742;
0.9768558951965065;
0.9771137952956135;
0.9775627830382874;
NaN;
0.9669117647058824;
0.9545454545454546;
0.9528415961305925;
0.9556962025316456;
0.9558929862617498;
0.9560770156438027;
0.955108359133127;
0.957619477006312;
0.958316633266533;
0.9599711503786513;
0.95968534906588;
0.9606488434965456;
0.9622746185852982;
0.9616374871266735;
0.9617972128784238;
0.9617030862806939;
0.9624761500953997;
0.9627627627627627;
0.9620709273658259;
0.9630697171680779;
0.9639670555936857;
0.964461185718965;
0.9649122807017544;
0.9648754127889523;
0.9645533141210375;
0.963281141748649;
0.962641761174116;
0.962948668467773;
0.9632298136645963;
0.9632608956657462;
0.9636342511908912;
0.9638676271949572;
0.9638725169177036;
0.9637711864406779;
0.9640872607532414;
NaN;
0.9413919413919414;
0.9427272727272727;
0.9402173913043478;
0.9416289592760181;
0.9411127167630058;
0.9398134216069817;
0.9378545642083548;
0.9377537212449256;
0.9372745490981964;
0.937049062049062;
0.9377253359554244;
0.9371995192307693;
0.9365035352835158;
0.9375563280545899;
0.9384911100432485;
0.9375915286695956;
0.9371422514309943;
0.9369243091710052;
0.9366344147220641;
0.936120371204613;
0.9371085371085371;
0.9371723460026212;
0.9369468160100258;
0.9373123123123123;
0.9375225192765007;
0.9376472218373285;
0.9387550870638468;
0.9379141735829634;
0.9378222249829182;
0.937976583608526;
0.938229995932361;
0.9380242048972699;
0.9381651476286634;
0.9387117279372815;
0.9387608069164265;
NaN;
1.0;
1.0;
1.0;
1.0;
1.0;
1.0;
1.0;
1.0;
1.0;
1.0;
1.0;
1.0;
1.0;
1.0;
1.0;
1.0;
1.0;
1.0;
1.0;
1.0;
1.0;
1.0;
1.0;
1.0;
1.0;
1.0;
1.0;
1.0;
1.0;
1.0;
1.0;
1.0;
1.0;
1.0;
1.0;
NaN;
1.0;
1.0;
1.0;
1.0;
1.0;
1.0;
1.0;
1.0;
1.0;
1.0;
1.0;
0.9696969696969697;
0.9722222222222222;
0.9736842105263158;
0.975609756097561;
0.9767441860465116;
0.9782608695652174;
0.9791666666666666;
0.9803921568627451;
0.9814814814814815;
0.9824561403508771;
0.9833333333333333;
0.9838709677419355;
0.9846153846153847;
0.9705882352941176;
0.971830985915493;
0.9726027397260274;
0.9736842105263158;
0.9746835443037974;
0.975609756097561;
0.9764705882352941;
0.9770114942528736;
0.9777777777777777;
0.978494623655914;
0.9791666666666666;
NaN;
1.0;
1.0;
1.0;
1.0;
1.0;
1.0;
1.0;
1.0;
1.0;
1.0;
0.9934640522875817;
0.9940119760479041;
0.994475138121547;
0.9948453608247423;
0.9951923076923077;
0.990990990990991;
0.9872340425531915;
0.9879518072289156;
0.9885931558935361;
0.9855595667870036;
0.9862542955326461;
0.9868852459016394;
0.987460815047022;
0.987987987987988;
0.9884726224783862;
0.9861111111111112;
0.9866310160427807;
0.9871134020618557;
0.9850746268656716;
0.9855769230769231;
0.986046511627907;
0.9842342342342343;
0.9847161572052402;
0.9830148619957537;
0.979381443298969;
NaN;
1.0;
1.0;
1.0;
0.990990990990991;
0.9928057553956835;
0.9940119760479041;
0.9897435897435898;
0.990990990990991;
0.992;
0.9928057553956835;
0.9934426229508196;
0.990990990990991;
0.9889196675900277;
0.987146529562982;
0.9856115107913669;
0.9864864864864865;
0.9872881355932204;
0.988;
0.9886363636363636;
0.9856115107913669;
0.9862778730703259;
0.9869067103109657;
0.9859154929577465;
0.9865067466266867;
0.9870317002881844;
0.9861495844875346;
0.9866666666666667;
0.987146529562982;
0.9875930521091811;
0.9867947178871549;
0.9860627177700348;
0.9853768278965129;
0.9847328244274809;
0.9819915254237288;
0.9814814814814815;
NaN;
1.0;
1.0;
1.0;
0.990990990990991;
0.9928057553956835;
0.9940119760479041;
0.9897435897435898;
0.990990990990991;
0.992;
0.9928057553956835;
0.9934426229508196;
0.990990990990991;
0.9889196675900277;
0.987146529562982;
0.9856115107913669;
0.9864864864864865;
0.9872881355932204;
0.988;
0.9886363636363636;
0.9856115107913669;
0.9862778730703259;
0.9869067103109657;
0.9859154929577465;
0.9865067466266867;
0.9870317002881844;
0.9861495844875346;
0.9866666666666667;
0.987146529562982;
0.9875930521091811;
0.9867947178871549;
0.9860627177700348;
0.9853768278965129;
0.9847328244274809;
0.9819915254237288;
0.9814814814814815;
NaN;
0.9635036496350365;
0.9672727272727273;
0.9734299516908212;
0.9783393501805054;
0.9783549783549783;
0.9795427196149218;
0.9804123711340206;
0.98014440433213;
0.9799518845228549;
0.9797979797979798;
0.979672131147541;
0.9789663461538461;
0.9778147531891292;
0.9773429454170958;
0.9774038461538461;
0.9774673276250563;
0.9758269720101781;
0.9755706848217861;
0.9757207890743551;
0.9736936936936937;
0.9735667696532784;
0.9724770642201835;
0.9724224381071764;
0.9711711711711711;
0.9694436437013548;
0.9697977279024661;
0.9695675387079552;
0.9698919197117859;
0.9704347826086956;
0.9704610951008645;
0.970950499651406;
0.9707273136680927;
0.9705240174672489;
0.9703326976054248;
0.9703581720872787;
NaN;
0.9743589743589743;
0.9727767695099818;
0.9722557297949337;
0.9701627486437613;
0.9667630057803468;
0.9663056558363418;
0.965979381443299;
0.9657194406856112;
0.9638989169675091;
0.9635642135642135;
0.962938668415874;
0.9627291854523595;
0.9633841886269071;
0.9618851403553953;
0.9627403846153846;
0.9628294660959675;
0.9624761500953997;
0.9615615615615616;
0.96149468892261;
0.9607207207207207;
0.9610501029512697;
0.9613431613431613;
0.9614540896270761;
0.9612670770154631;
0.9609397520899394;
0.9609255923513925;
0.9603735823882589;
0.9599845599588266;
0.9596323438082226;
0.9592890596853608;
0.9586335115036021;
0.9586897793786583;
0.9579740203034603;
0.9574062301335029;
0.9573942574868787;
NaN;
0.9615384615384616;
0.9444444444444444;
0.9432709716354858;
0.942107643600181;
0.9403686302855078;
0.9425218176346675;
0.944028888315708;
0.9433919711321606;
0.9440769693325316;
0.9433826181031374;
0.9412825979990159;
0.9406550480769231;
0.939112343966713;
0.9384417256922086;
0.9383487561591155;
0.9372535766587812;
0.936605533764444;
0.9371245494593512;
0.93711467324291;
0.9372859974770229;
0.9373498111912119;
0.9369317716438693;
0.9358351613914133;
0.9353652128218602;
0.9348468468468468;
0.9348714750918035;
0.9348101688129712;
0.9345644061253378;
0.9337847071246661;
0.9338217631515734;
0.9329420651984427;
0.9328454826906839;
0.9325836563131176;
0.9326658190294554;
0.9321597694049825;
