NaN;
0.13138686131386862;
0.13818181818181818;
0.14009661835748793;
0.14620938628158844;
0.15173410404624277;
0.15264423076923078;
0.15670103092783505;
0.15419296663660956;
0.15224358974358973;
0.14862914862914864;
0.15006553079947577;
0.14534534534534535;
0.14586799778147533;
0.1487390633041688;
0.148895292987512;
0.1481981981981982;
0.1504237288135593;
0.1545236188951161;
0.15737580583996966;
0.15525936599423631;
0.15643224699828473;
0.15618860510805502;
0.1544002505480739;
0.1528069648754128;
0.15360230547550432;
0.15267387087835965;
0.15128068303094985;
0.1517880113197839;
0.1507699950322901;
0.1510566762728146;
0.15009293680297398;
0.1503488633805987;
0.14843920541366515;
0.14703389830508476;
0.14673801193661248;
