NaN;
0.39285714285714285;
0.5;
0.4819277108433735;
0.4774774774774775;
0.4892086330935252;
0.47904191616766467;
0.4587628865979381;
0.46846846846846846;
0.464;
0.4712230215827338;
0.47058823529411764;
0.46846846846846846;
0.4487534626038781;
0.4524421593830334;
0.4556354916067146;
0.46292134831460674;
0.4639830508474576;
0.468;
0.4640151515151515;
0.4694244604316547;
0.4665523156089194;
0.4779050736497545;
0.47417840375586856;
0.47226386806596704;
0.4711815561959654;
0.4778393351800554;
0.47333333333333333;
0.4717223650385604;
0.4720496894409938;
0.4717887154861945;
0.47735191637630664;
0.4769403824521935;
0.4787350054525627;
0.4766949152542373;
0.4732510288065844;
NaN;
0.39285714285714285;
0.5;
0.4819277108433735;
0.4774774774774775;
0.4892086330935252;
0.47904191616766467;
0.4587628865979381;
0.46846846846846846;
0.464;
0.4712230215827338;
0.47058823529411764;
0.46846846846846846;
0.4487534626038781;
0.4524421593830334;
0.4556354916067146;
0.46292134831460674;
0.4639830508474576;
0.468;
0.4640151515151515;
0.4694244604316547;
0.4665523156089194;
0.4779050736497545;
0.47417840375586856;
0.47226386806596704;
0.4711815561959654;
0.4778393351800554;
0.47333333333333333;
0.4717223650385604;
0.4720496894409938;
0.4717887154861945;
0.47735191637630664;
0.4769403824521935;
0.4787350054525627;
0.4766949152542373;
0.4732510288065844;
