NaN;
0.09854014598540146;
0.10181818181818182;
0.097708082026538;
0.09945750452079566;
0.09761388286334056;
0.09632751354605659;
0.09747292418772563;
0.09833107803337844;
0.09943865276663993;
0.09884559884559885;
0.10032786885245902;
0.09945913461538461;
0.10205213533000555;
0.10249806850373423;
0.10163382988947621;
0.10114890741157918;
0.10114503816793893;
0.10192230676812175;
0.10128983308042488;
0.10234234234234234;
0.10020590253946465;
0.10171990171990172;
0.10214632617891274;
0.1021021021021021;
0.10247910060536178;
0.10253567964528197;
0.10248198558847077;
0.1028049408131755;
0.10372670807453416;
0.1031460134486071;
0.10354445090063916;
0.10425579824363881;
0.10468289488047157;
0.1046942884391226;
0.10456978180321119;
