NaN;
1.0;
1.0;
1.0;
1.0;
1.0;
1.0;
1.0;
1.0;
1.0;
1.0;
1.0;
1.0;
1.0;
1.0;
1.0;
1.0;
1.0;
1.0;
1.0;
1.0;
1.0;
1.0;
1.0;
1.0;
1.0;
1.0;
1.0;
1.0;
1.0;
1.0;
0.9647058823529412;
0.9655172413793104;
0.9354838709677419;
0.9375;
0.9393939393939394;
NaN;
1.0;
1.0;
1.0;
1.0;
0.9777777777777777;
0.9811320754716981;
0.953125;
0.9594594594594594;
0.9418604651162791;
0.9375;
0.8928571428571429;
0.8692307692307693;
0.8175675675675675;
0.8;
0.7965116279069767;
0.782608695652174;
0.7731958762886598;
0.7632850241545893;
0.7399103139013453;
0.7446808510638298;
0.7419354838709677;
0.7378277153558053;
0.7292418772563177;
0.7278911564625851;
0.7249190938511327;
0.7244582043343654;
0.7327327327327328;
0.7280701754385965;
0.7267605633802817;
0.7255434782608695;
0.723404255319149;
0.7099236641221374;
0.7103960396039604;
0.7023809523809523;
0.700228832951945;
NaN;
1.0;
1.0;
1.0;
0.9622641509433962;
0.9090909090909091;
0.9259259259259259;
0.883495145631068;
0.8888888888888888;
0.9007633587786259;
0.8926174496644296;
0.8902439024390244;
0.8938547486033519;
0.8781725888324873;
0.85;
0.8403361344537815;
0.8217054263565892;
0.8260869565217391;
0.8135593220338984;
0.7987421383647799;
0.7920489296636085;
0.7809798270893372;
0.7700831024930748;
0.7664041994750657;
0.7531486146095718;
0.7410926365795725;
0.7168141592920354;
0.7157894736842105;
0.7113821138211383;
0.6914285714285714;
0.6805807622504537;
0.6689774696707106;
0.6611295681063123;
0.6456692913385826;
0.6440677966101694;
0.6415929203539823;
NaN;
1.0;
0.9302325581395349;
0.7846153846153846;
0.7070707070707071;
0.6962962962962963;
0.7;
0.6883720930232559;
0.6720647773279352;
0.6539792387543253;
0.6428571428571429;
0.6292134831460674;
0.6275510204081632;
0.6162790697674418;
0.6;
0.5930902111324377;
0.579225352112676;
0.5628058727569332;
0.5458579881656804;
0.532967032967033;
0.5153452685421995;
0.5053635280095352;
0.49777777777777776;
0.4923391215526047;
0.47942583732057414;
0.46524064171123;
0.4519632414369256;
0.4488993710691824;
0.437219730941704;
0.42827298050139273;
0.41760423560555926;
0.4097530082330589;
0.397397989355411;
0.38669673055242393;
0.37800320341697813;
0.37455288707204903;
NaN;
1.0;
1.0;
1.0;
1.0;
1.0;
1.0;
0.9411764705882353;
0.9130434782608695;
0.92;
0.9285714285714286;
0.896551724137931;
0.9117647058823529;
0.9142857142857143;
0.9210526315789473;
0.9024390243902439;
0.9047619047619048;
0.8936170212765957;
0.8823529411764706;
0.8888888888888888;
0.864406779661017;
0.8360655737704918;
0.8387096774193549;
0.8461538461538461;
0.8529411764705882;
0.8571428571428571;
0.8611111111111112;
0.8311688311688312;
0.8433734939759037;
0.8433734939759037;
0.8255813953488372;
0.8369565217391305;
0.8279569892473119;
0.8297872340425532;
0.8350515463917526;
0.8383838383838383;
0.819047619047619;
0.822429906542056;
0.8272727272727273;
0.8230088495575221;
0.8220338983050848;
0.8166666666666667;
0.8130081300813008;
0.8095238095238095;
0.8062015503875969;
0.8045112781954887;
0.7925925925925926;
0.7956204379562044;
0.7971014492753623;
0.795774647887324;
0.7972027972027972;
0.7891156462585034;
0.7933333333333333;
0.7960526315789473;
0.7870967741935484;
0.7875;
0.7888198757763976;
0.7951807228915663;
0.7904191616766467;
0.7732558139534884;
0.7771428571428571;
0.7740112994350282;
0.7747252747252747;
0.7712765957446809;
0.774869109947644;
0.7731958762886598;
0.7688442211055276;
0.7722772277227723;
0.7707317073170732;
0.7729468599033816;
0.7703349282296651;
0.7757009345794392;
0.7767441860465116;
0.7636363636363637;
0.7623318385650224;
0.762114537444934;
0.7619047619047619;
0.7542372881355932;
0.7468879668049793;
0.7489711934156379;
0.7489878542510121;
0.7450199203187251;
0.734375;
0.7318007662835249;
0.7300380228136882;
0.7222222222222222;
0.7210144927536232;
0.7184115523465704;
0.7087719298245614;
0.7010309278350515;
0.7040816326530612;
0.6986754966887417;
0.7026143790849673;
0.7026143790849673;
0.6957928802588996;
0.6952380952380952;
0.6959247648902821;
0.6871165644171779;
0.6869300911854104;
0.6804733727810651;
0.6823529411764706;
0.6752873563218391;
0.672316384180791;
0.6713091922005571;
0.6657458563535912;
0.6522911051212938;
0.648;
0.6413612565445026;
0.6282051282051282;
0.6196473551637279;
0.6134663341645885;
0.6127450980392157;
0.6116504854368932;
0.6081730769230769;
0.6052009456264775;
0.5986078886310905;
0.593607305936073;
0.5853658536585366;
0.581140350877193;
0.5720430107526882;
0.5741525423728814;
0.5735294117647058;
0.5717255717255717;
0.569672131147541;
0.5645161290322581;
0.562874251497006;
0.555992141453831;
0.555992141453831;
0.556420233463035;
0.5549132947976878;
0.5521821631878557;
0.5507518796992481;
0.5493482309124768;
0.5489833641404805;
0.5504587155963303;
0.5499092558983666;
0.5490196078431373;
0.5391304347826087;
0.5379310344827586;
0.5384615384615384;
0.5306799336650083;
0.5328947368421053;
0.530278232405892;
0.5250403877221325;
0.5223642172523961;
0.5222222222222223;
0.5213270142180095;
0.5219435736677116;
0.5210608424336973;
0.5169230769230769;
0.5145038167938931;
0.5120845921450151;
0.5104790419161677;
0.5058997050147492;
0.5;
0.49642346208869814;
0.4950213371266003;
0.4943502824858757;
0.48951048951048953;
0.48746518105849584;
0.4895977808599168;
0.4876373626373626;
0.48904109589041095;
0.49113233287858116;
0.4918918918918919;
0.49261744966442955;
0.48938992042440316;
0.4881889763779528;
0.4857142857142857;
0.48582474226804123;
0.48655569782330343;
0.48792884371029227;
0.48553459119496856;
0.48813982521847693;
0.48819875776397514;
0.48825710754017304;
0.48717948717948717;
0.4878640776699029;
0.48854041013269;
0.4874551971326165;
0.48994082840236686;
0.49005847953216375;
0.48951048951048953;
0.4884526558891455;
0.4851598173515982;
0.48354143019296253;
0.481941309255079;
0.4820627802690583;
0.4793756967670011;
0.4801762114537445;
0.4771739130434783;
0.47516198704103674;
0.4747039827771798;
0.476038338658147;
0.47720042417815484;
0.47780126849894294;
0.480546792849632;
0.4801255230125523;
0.4782608695652174;
0.47687564234326824;
0.47657841140529533;
0.47474747474747475;
0.4724724724724725;
0.47105788423153694;
0.4693069306930693;
0.4689655172413793;
0.46771037181996084;
0.4655674102812803;
0.4648023143683703;
0.46442307692307694;
0.46418338108882523;
0.46408317580340264;
0.463849765258216;
0.46348314606741575;
0.4597594819611471;
0.45711678832116787;
0.4567000911577028;
0.45356176735798015;
0.45201793721973094;
0.45267857142857143;
0.4533333333333333;
0.45189761694616065;
0.4503950834064969;
0.4490861618798956;
0.4457831325301205;
0.444064901793339;
0.4431239388794567;
0.44080604534005036;
0.4395329441201001;
0.439469320066335;
0.43734643734643736;
0.4352078239608802;
0.43471208434712083;
0.4328238133547868;
0.4316546762589928;
0.4292527821939587;
0.4275590551181102;
0.4272300469483568;
0.4252336448598131;
0.4250386398763524;
0.42494226327944573;
0.423106350420811;
0.42378048780487804;
0.42380591357088704;
0.42403628117913833;
0.4209737827715356;
0.41933085501858736;
0.4171597633136095;
0.41734019103600295;
0.4177029992684711;
0.4166666666666667;
0.4164265129682997;
0.41564967695620963;
0.41684511063526053;
0.4145480225988701;
0.4127540294323756;
0.41041666666666665;
0.41025641025641024;
0.4100620261888353;
0.4092159559834938;
0.4103612815269257;
0.4093054619015509;
0.40963855421686746;
0.40942269409422694;
0.4069690992767916;
0.40574037834311805;
0.4045307443365696;
0.4032154340836013;
0.402680280791321;
0.4013950538998098;
0.4;
0.4018867924528302;
0.40037476577139286;
0.4;
0.3997532387415176;
0.3993865030674847;
0.3991442542787286;
0.3978102189781022;
0.39672925499697154;
0.3956574185765983;
0.39461077844311376;
0.39370546318289784;
0.39233038348082594;
0.3908450704225352;
0.38917975567190227;
0.38856812933025403;
0.3873563218390805;
0.38496583143507973;
0.38457175269427113;
0.38288288288288286;
0.38121855785354947;
0.37971175166297116;
0.3796347537354732;
0.37927232635060637;
0.3787047200878156;
0.3787629994526546;
0.3798365122615804;
0.3772972972972973;
0.37708445400753093;
0.3766720171214553;
0.37613212573255195;
0.37302423603793466;
0.372507869884575;
0.37244630696699843;
0.37186192468619245;
0.3722627737226277;
0.3724066390041494;
0.3717683557394002;
0.3716494845360825;
0.3703893442622951;
0.369443025038324;
0.3683138053998981;
0.3686612576064909;
0.36675062972292194;
0.36609829488465395;
0.36513486513486515;
0.3632309217046581;
0.36127450980392156;
0.36070381231671556;
0.36009732360097324;
0.358974358974359;
0.35872709739633557;
0.35865384615384616;
0.35724533715925394;
0.3573473282442748;
0.35660018993352327;
0.3553563001415762;
0.35412757973733583;
0.35417638824078396;
0.3531322505800464;
0.3531047265987025;
0.35234590616375344;
0.35119047619047616;
0.3517335766423358;
0.3522469359963686;
0.35294117647058826;
0.35291459557162225;
0.352676563202879;
0.3521758636159713;
0.35013380909901876;
0.34988913525498894;
0.3495575221238938;
0.34889867841409694;
0.3488372093023256;
0.34835886214442013;
0.3466724662896912;
0.34575389948006935;
0.3455565142364107;
0.3449312714776632;
0.34416417272338606;
0.3446808510638298;
0.3442275042444822;
0.34517766497461927;
0.34582982308340354;
0.3453629878304658;
0.3447555369828667;
0.3449854348730753;
0.3447990053874845;
0.34418796372629845;
0.3437371663244353;
NaN;
0.9565217391304348;
0.8620689655172413;
0.82;
0.7342657342657343;
0.7073170731707317;
0.6593406593406593;
0.6193353474320241;
0.5931372549019608;
0.5787234042553191;
0.5674676524953789;
0.5339652448657188;
0.49531459170013387;
0.4756944444444444;
0.4483837330552659;
0.4256120527306968;
0.40633019674935844;
0.39752513534416084;
0.3905367231638418;
0.3882663150955834;
0.3787416004886988;
0.36833144154370034;
0.35733333333333334;
0.3431372549019608;
0.3350253807106599;
0.3268229166666667;
0.32003257328990226;
0.3129044537495242;
0.3067287043664996;
0.2986040177051413;
0.29493384962891256;
0.28843788437884377;
0.2845029239766082;
0.2771949199337383;
0.27284595300261094;
0.2667330181637223;
NaN;
0.07857142857142857;
0.08880994671403197;
0.0971563981042654;
0.09316770186335403;
0.10283687943262411;
0.10625737898465171;
0.10374493927125505;
0.10703228659885007;
0.1068762278978389;
0.10848056537102474;
0.10861182519280206;
0.10901591043017089;
0.11162411732753938;
0.10850365884430986;
0.10647820965842167;
0.10485651214128035;
0.10674974039460021;
0.10849519325093192;
0.10947955390334572;
0.10952128599187423;
0.10914900773629331;
0.10763052208835341;
0.10752688172043011;
0.10685899322931999;
0.10643109540636042;
0.10676446617766912;
0.10747907949790796;
0.10801613309805899;
0.10679493424257185;
0.10761803838455199;
0.10689458689458689;
0.10741885625965997;
0.10746013057904313;
0.10854887296146255;
0.10819539765845781;
NaN;
0.07857142857142857;
0.08880994671403197;
0.0971563981042654;
0.09316770186335403;
0.10283687943262411;
0.10625737898465171;
0.10374493927125505;
0.10703228659885007;
0.1068762278978389;
0.10848056537102474;
0.10861182519280206;
0.10901591043017089;
0.11162411732753938;
0.10850365884430986;
0.10647820965842167;
0.10485651214128035;
0.10674974039460021;
0.10849519325093192;
0.10947955390334572;
0.10952128599187423;
0.10914900773629331;
0.10763052208835341;
0.10752688172043011;
0.10685899322931999;
0.10643109540636042;
0.10676446617766912;
0.10747907949790796;
0.10801613309805899;
0.10679493424257185;
0.10761803838455199;
0.10689458689458689;
0.10741885625965997;
0.10746013057904313;
0.10854887296146255;
0.10819539765845781;
NaN;
0.0;
0.0;
0.0;
0.5;
0.5;
0.5;
0.5;
0.6666666666666666;
0.6666666666666666;
0.6666666666666666;
0.75;
0.75;
0.75;
0.75;
0.8;
0.8;
0.8;
0.8;
0.8333333333333334;
0.8333333333333334;
0.8333333333333334;
0.8571428571428571;
0.8571428571428571;
0.8571428571428571;
0.8571428571428571;
0.875;
0.875;
0.875;
0.8888888888888888;
0.8888888888888888;
0.8888888888888888;
0.8888888888888888;
0.9;
0.9;
0.9;
NaN;
0.0;
0.0;
0.0;
0.5;
0.5;
0.5;
0.5;
0.6666666666666666;
0.6666666666666666;
0.6666666666666666;
0.75;
0.75;
0.75;
0.75;
0.8;
0.8;
0.8;
0.8;
0.8333333333333334;
0.8333333333333334;
0.8333333333333334;
0.8571428571428571;
0.8571428571428571;
0.8571428571428571;
0.8571428571428571;
0.875;
0.875;
0.875;
0.8888888888888888;
0.8888888888888888;
0.8888888888888888;
0.8888888888888888;
0.9;
0.9;
0.9;
NaN;
0.0;
0.0;
0.0;
0.5;
0.5;
0.5;
0.5;
0.6666666666666666;
0.6666666666666666;
0.6666666666666666;
0.75;
0.75;
0.75;
0.75;
0.8;
0.8;
0.8;
0.8;
0.8333333333333334;
0.8333333333333334;
0.8333333333333334;
0.8571428571428571;
0.8571428571428571;
0.8571428571428571;
0.8571428571428571;
0.875;
0.875;
0.875;
0.8888888888888888;
0.8888888888888888;
0.8888888888888888;
0.8888888888888888;
0.9;
0.9;
0.9;
NaN;
0.0;
0.0;
0.0;
0.5;
0.5;
0.5;
0.5;
0.6666666666666666;
0.6666666666666666;
0.6666666666666666;
0.75;
0.75;
0.75;
0.75;
0.8;
0.8;
0.8;
0.8;
0.8333333333333334;
0.8333333333333334;
0.8333333333333334;
0.8571428571428571;
0.8571428571428571;
0.8571428571428571;
0.8571428571428571;
0.875;
0.875;
0.875;
0.8888888888888888;
0.8888888888888888;
0.8888888888888888;
0.8888888888888888;
0.9;
0.9;
0.9;
NaN;
0.0;
0.0;
0.0;
0.5;
0.5;
0.5;
0.5;
0.6666666666666666;
0.6666666666666666;
0.6666666666666666;
0.75;
0.75;
0.75;
0.75;
0.8;
0.8;
0.8;
0.8;
0.8333333333333334;
0.8333333333333334;
0.8333333333333334;
0.8571428571428571;
0.8571428571428571;
0.8571428571428571;
0.8571428571428571;
0.875;
0.875;
0.875;
0.8888888888888888;
0.8888888888888888;
0.8888888888888888;
0.8888888888888888;
0.9;
0.9;
0.9;
NaN;
0.75;
0.8571428571428571;
0.9;
0.9230769230769231;
0.9333333333333333;
0.9444444444444444;
0.9523809523809523;
0.9565217391304348;
0.9583333333333334;
0.9629629629629629;
0.9666666666666667;
0.9696969696969697;
0.9722222222222222;
0.9736842105263158;
0.9523809523809523;
0.9545454545454546;
0.9574468085106383;
0.9591836734693877;
0.9615384615384616;
0.9636363636363636;
0.9655172413793104;
0.9516129032258065;
0.953125;
0.9402985074626866;
0.9428571428571428;
0.9452054794520548;
0.9466666666666667;
0.9487179487179487;
0.9506172839506173;
0.9523809523809523;
0.9425287356321839;
0.9438202247191011;
0.9456521739130435;
0.9473684210526315;
0.9489795918367347;
NaN;
0.3333333333333333;
0.3898305084745763;
0.4367816091954023;
0.4434782608695652;
0.4166666666666667;
0.43352601156069365;
0.4527363184079602;
0.45217391304347826;
0.4555984555984556;
0.4634146341463415;
0.4634920634920635;
0.4678362573099415;
0.46756756756756757;
0.46984924623115576;
0.468384074941452;
0.46593406593406594;
0.47107438016528924;
0.46966731898238745;
0.4721189591078067;
0.4567901234567901;
0.45699831365935917;
0.44694533762057875;
0.4492307692307692;
0.44165435745937964;
0.4431818181818182;
0.44141689373297005;
0.4461942257217848;
0.4424778761061947;
0.4426829268292683;
0.4427390791027155;
0.4406392694063927;
0.44026548672566373;
0.43944265809217575;
0.43496357960457854;
0.4398382204246714;
NaN;
0.3333333333333333;
0.3898305084745763;
0.4367816091954023;
0.4434782608695652;
0.4166666666666667;
0.43352601156069365;
0.4527363184079602;
0.45217391304347826;
0.4555984555984556;
0.4634146341463415;
0.4634920634920635;
0.4678362573099415;
0.46756756756756757;
0.46984924623115576;
0.468384074941452;
0.46593406593406594;
0.47107438016528924;
0.46966731898238745;
0.4721189591078067;
0.4567901234567901;
0.45699831365935917;
0.44694533762057875;
0.4492307692307692;
0.44165435745937964;
0.4431818181818182;
0.44141689373297005;
0.4461942257217848;
0.4424778761061947;
0.4426829268292683;
0.4427390791027155;
0.4406392694063927;
0.44026548672566373;
0.43944265809217575;
0.43496357960457854;
0.4398382204246714;
NaN;
0.3333333333333333;
0.3898305084745763;
0.4367816091954023;
0.4434782608695652;
0.4166666666666667;
0.43352601156069365;
0.4527363184079602;
0.45217391304347826;
0.4555984555984556;
0.4634146341463415;
0.4634920634920635;
0.4678362573099415;
0.46756756756756757;
0.46984924623115576;
0.468384074941452;
0.46593406593406594;
0.47107438016528924;
0.46966731898238745;
0.4721189591078067;
0.4567901234567901;
0.45699831365935917;
0.44694533762057875;
0.4492307692307692;
0.44165435745937964;
0.4431818181818182;
0.44141689373297005;
0.4461942257217848;
0.4424778761061947;
0.4426829268292683;
0.4427390791027155;
0.4406392694063927;
0.44026548672566373;
0.43944265809217575;
0.43496357960457854;
0.4398382204246714;
NaN;
0.3333333333333333;
0.3898305084745763;
0.4367816091954023;
0.4434782608695652;
0.4166666666666667;
0.43352601156069365;
0.4527363184079602;
0.45217391304347826;
0.4555984555984556;
0.4634146341463415;
0.4634920634920635;
0.4678362573099415;
0.46756756756756757;
0.46984924623115576;
0.468384074941452;
0.46593406593406594;
0.47107438016528924;
0.46966731898238745;
0.4721189591078067;
0.4567901234567901;
0.45699831365935917;
0.44694533762057875;
0.4492307692307692;
0.44165435745937964;
0.4431818181818182;
0.44141689373297005;
0.4461942257217848;
0.4424778761061947;
0.4426829268292683;
0.4427390791027155;
0.4406392694063927;
0.44026548672566373;
0.43944265809217575;
0.43496357960457854;
0.4398382204246714;
NaN;
0.35714285714285715;
0.4107142857142857;
0.4578313253012048;
0.4594594594594595;
0.4316546762589928;
0.4491017964071856;
0.4690721649484536;
0.46846846846846846;
0.472;
0.4784172661870504;
0.4786885245901639;
0.4819277108433735;
0.48055555555555557;
0.48195876288659795;
0.4807692307692308;
0.4785553047404063;
0.4840764331210191;
0.4819277108433735;
0.4838095238095238;
0.46835443037974683;
0.4680483592400691;
0.45799011532125206;
0.45984251968503936;
0.4516616314199396;
0.4528301886792453;
0.45188284518828453;
0.4563758389261745;
0.45278137128072443;
0.45318352059925093;
0.4528985507246377;
0.45093457943925236;
0.4502262443438914;
0.44956140350877194;
0.44515441959531415;
0.4498448810754912;
NaN;
0.25;
0.3392857142857143;
0.3855421686746988;
0.42342342342342343;
0.4460431654676259;
0.4491017964071856;
0.4536082474226804;
0.4594594594594595;
0.444;
0.43884892086330934;
0.4444444444444444;
0.4624624624624625;
0.4598337950138504;
0.45758354755784064;
0.45323741007194246;
0.45495495495495497;
0.4576271186440678;
0.466;
0.4640151515151515;
0.46402877697841727;
0.4631217838765009;
0.46808510638297873;
0.47417840375586856;
0.4707646176911544;
0.47050359712230216;
0.4667590027700831;
0.46266666666666667;
0.4652956298200514;
0.462111801242236;
0.4645858343337335;
0.46806039488966317;
0.4668166479190101;
0.46673936750272627;
0.4629237288135593;
0.46296296296296297;
NaN;
0.5357142857142857;
0.5357142857142857;
0.46987951807228917;
0.45045045045045046;
0.460431654676259;
0.47305389221556887;
0.4845360824742268;
0.46846846846846846;
0.476;
0.4712230215827338;
0.477124183006536;
0.4774774774774775;
0.481994459833795;
0.4884318766066838;
0.49160671462829736;
0.4864864864864865;
0.4894067796610169;
0.492;
0.49053030303030304;
0.4882882882882883;
0.47684391080617494;
0.486088379705401;
0.4945226917057903;
0.48575712143928035;
0.48703170028818443;
0.4903047091412742;
0.488;
0.487146529562982;
0.484472049689441;
0.4837935174069628;
0.4843205574912892;
0.4904386951631046;
0.495092693565976;
0.4925847457627119;
0.49074074074074076;
NaN;
0.3333333333333333;
0.3333333333333333;
0.3333333333333333;
0.4166666666666667;
0.35714285714285715;
0.4117647058823529;
0.45;
0.4782608695652174;
0.52;
0.5357142857142857;
0.4838709677419355;
0.47058823529411764;
0.4864864864864865;
0.48717948717948717;
0.5;
0.4888888888888889;
0.5208333333333334;
0.52;
0.5471698113207547;
0.5357142857142857;
0.5254237288135594;
0.532258064516129;
0.515625;
0.5223880597014925;
0.5142857142857142;
0.4931506849315068;
0.5066666666666667;
0.48717948717948717;
0.48148148148148145;
0.4642857142857143;
0.45977011494252873;
0.449438202247191;
0.44565217391304346;
0.4421052631578947;
0.42857142857142855;
0.44;
0.44660194174757284;
0.44339622641509435;
0.44954128440366975;
0.44642857142857145;
0.45614035087719296;
0.452991452991453;
0.4666666666666667;
0.4634146341463415;
0.464;
0.46875;
0.46564885496183206;
0.4701492537313433;
0.45985401459854014;
0.460431654676259;
0.4647887323943662;
0.4689655172413793;
0.47297297297297297;
0.4666666666666667;
0.47058823529411764;
0.46794871794871795;
0.4716981132075472;
0.4691358024691358;
0.4695121951219512;
0.47305389221556887;
0.4823529411764706;
0.4797687861271676;
0.48;
0.48314606741573035;
0.4861878453038674;
0.4891304347826087;
0.4919786096256685;
0.48677248677248675;
0.4895833333333333;
0.48205128205128206;
0.4797979797979798;
0.48;
0.47783251231527096;
0.470873786407767;
0.47368421052631576;
0.47641509433962265;
0.4766355140186916;
0.47465437788018433;
0.4727272727272727;
0.47085201793721976;
0.4711111111111111;
0.4692982456140351;
0.47619047619047616;
0.47435897435897434;
0.4810126582278481;
0.4811715481171548;
0.4793388429752066;
0.4775510204081633;
0.47580645161290325;
0.476;
0.47035573122529645;
0.46875;
0.4749034749034749;
0.4732824427480916;
0.4734848484848485;
0.47191011235955055;
0.4703703703703704;
0.46886446886446886;
0.4690909090909091;
0.4712230215827338;
0.47330960854092524;
0.4753521126760563;
0.47735191637630664;
0.47750865051903113;
0.4794520547945205;
0.4745762711864407;
0.47651006711409394;
0.4766666666666667;
0.4752475247524752;
0.477124183006536;
0.47572815533980584;
0.47435897435897434;
0.47770700636942676;
0.47634069400630913;
0.475;
0.47678018575851394;
0.47692307692307695;
0.47560975609756095;
0.48036253776435045;
0.47904191616766467;
0.47774480712166173;
0.4778761061946903;
0.4766081871345029;
0.4811594202898551;
0.47988505747126436;
0.4828571428571429;
0.48158640226628896;
0.48314606741573035;
0.4818941504178273;
0.48066298342541436;
0.4835164835164835;
0.48501362397820164;
0.4891891891891892;
0.4879356568364611;
0.488;
0.4894179894179894;
0.4881889763779528;
0.4869791666666667;
0.4909560723514212;
0.4884318766066838;
0.4897959183673469;
0.48860759493670886;
0.4899497487437186;
0.4925;
0.49379652605459057;
0.49261083743842365;
0.4938875305623472;
0.49271844660194175;
0.4927536231884058;
0.49160671462829736;
0.4928571428571429;
0.491725768321513;
0.49176470588235294;
0.4883177570093458;
0.48491879350348027;
0.4861751152073733;
0.4874141876430206;
0.4874715261958998;
0.48642533936651583;
0.48764044943820223;
0.48660714285714285;
0.4866666666666667;
0.4878587196467991;
0.4868421052631579;
0.485838779956427;
0.48484848484848486;
0.4870689655172414;
0.48822269807280516;
0.48936170212765956;
0.4904862579281184;
0.4926315789473684;
0.49372384937238495;
0.49480249480249483;
0.493801652892562;
0.4928131416837782;
0.49284253578732107;
0.4959349593495935;
0.494949494949495;
0.4939759036144578;
0.492;
0.49105367793240556;
0.49209486166007904;
0.4911591355599214;
0.490234375;
0.490272373540856;
0.4912959381044487;
0.49230769230769234;
0.491395793499044;
0.49142857142857144;
0.49053030303030304;
0.4896421845574388;
0.49063670411985016;
0.4897579143389199;
0.4897959183673469;
0.488929889298893;
0.48990825688073397;
0.48905109489051096;
0.4909090909090909;
0.49005424954792043;
0.48741007194244607;
0.4865831842576029;
0.48576512455516013;
0.48404255319148937;
0.48677248677248675;
0.4842105263157895;
0.4816753926701571;
0.48;
0.47750865051903113;
0.4784853700516351;
0.4777397260273973;
0.4787052810902896;
0.47877758913412566;
0.4814189189189189;
0.4789915966386555;
0.479933110367893;
0.4816666666666667;
0.48258706467661694;
0.48514851485148514;
0.4860426929392447;
0.4852941176470588;
0.4837133550488599;
0.4813614262560778;
0.4838709677419355;
0.48475120385232745;
0.4864;
0.4872611464968153;
0.4896988906497623;
0.4921135646687697;
0.4945054945054945;
0.4945226917057903;
0.49221183800623053;
0.48992248062015503;
0.4876543209876543;
0.4876923076923077;
0.48545176110260335;
0.48628048780487804;
0.48558421851289835;
0.48489425981873113;
0.4864457831325301;
0.48575712143928035;
0.48507462686567165;
0.48439821693907875;
0.482962962962963;
0.4823008849557522;
0.4831130690161527;
0.48391812865497075;
0.4847161572052402;
0.4862119013062409;
0.4884393063583815;
0.48776978417266187;
0.4885386819484241;
0.48857142857142855;
0.48933143669985774;
0.49008498583569404;
0.4894217207334274;
0.49157303370786515;
0.49299719887955185;
0.4909344490934449;
0.4888888888888889;
0.49100968188105115;
0.4910344827586207;
0.49038461538461536;
0.4883720930232558;
0.4891008174386921;
0.4898236092265943;
0.4884979702300406;
0.4865229110512129;
0.487248322147651;
0.4879679144385027;
0.488;
0.48738379814077026;
0.48677248677248675;
0.4874835309617918;
0.48556430446194226;
0.4856020942408377;
0.4863102998696219;
0.487012987012987;
0.48771021992238034;
0.48774193548387096;
0.487146529562982;
0.4852752880921895;
0.4846938775510204;
0.4841168996188056;
0.4841571609632446;
0.48484848484848486;
0.4830188679245283;
0.4824561403508772;
0.48375;
0.48443337484433374;
0.4851116625310174;
0.484548825710754;
0.4839901477832512;
0.48402948402948404;
0.4834761321909425;
0.48292682926829267;
0.4823815309842041;
0.4824242424242424;
0.48188405797101447;
0.4825511432009627;
0.4844124700239808;
0.4838709677419355;
0.48390941597139453;
0.4833729216152019;
0.48284023668639053;
0.4834905660377358;
0.48470588235294115;
0.48534583821805394;
0.48364485981308414;
0.4831199068684517;
0.48491879350348027;
0.4861111111111111;
0.4867358708189158;
0.48735632183908045;
0.4879725085910653;
0.4868571428571429;
0.4863325740318907;
0.4880817253121453;
0.48868778280542985;
0.48928974069898534;
0.4904386951631046;
0.4910313901345291;
0.49162011173184356;
0.4922048997772829;
0.49333333333333335;
0.4939091915836102;
0.49448123620309054;
0.49394939493949397;
0.49451754385964913;
0.49452954048140046;
0.495092693565976;
0.4945652173913043;
0.49404117009750814;
0.49405405405405406;
0.49461206896551724;
0.49516648764769067;
0.49571734475374735;
0.4951974386339381;
0.4941427050053248;
0.49363057324840764;
0.4931216931216931;
0.49261603375527424;
0.4926315789473684;
0.49213011542497376;
0.4916317991631799;
0.4921793534932221;
0.4916839916839917;
0.491701244813278;
0.4901758014477766;
0.49072164948453606;
0.49023638232271327;
0.49025641025641026;
0.4897750511247444;
0.48827726809378186;
0.4888211382113821;
0.48834853090172237;
0.48938321536905965;
0.4899193548387097;
0.4904522613065327;
0.48997995991983967;
NaN;
0.3333333333333333;
0.3333333333333333;
0.3333333333333333;
0.4166666666666667;
0.35714285714285715;
0.4117647058823529;
0.45;
0.4782608695652174;
0.52;
0.5357142857142857;
0.4838709677419355;
0.47058823529411764;
0.4864864864864865;
0.48717948717948717;
0.5;
0.4888888888888889;
0.5208333333333334;
0.52;
0.5471698113207547;
0.5357142857142857;
0.5254237288135594;
0.532258064516129;
0.515625;
0.5223880597014925;
0.5142857142857142;
0.4931506849315068;
0.5066666666666667;
0.48717948717948717;
0.48148148148148145;
0.4642857142857143;
0.45977011494252873;
0.449438202247191;
0.44565217391304346;
0.4421052631578947;
0.42857142857142855;
0.44;
0.44660194174757284;
0.44339622641509435;
0.44954128440366975;
0.44642857142857145;
0.45614035087719296;
0.452991452991453;
0.4666666666666667;
0.4634146341463415;
0.464;
0.46875;
0.46564885496183206;
0.4701492537313433;
0.45985401459854014;
0.460431654676259;
0.4647887323943662;
0.4689655172413793;
0.47297297297297297;
0.4666666666666667;
0.47058823529411764;
0.46794871794871795;
0.4716981132075472;
0.4691358024691358;
0.4695121951219512;
0.47305389221556887;
0.4823529411764706;
0.4797687861271676;
0.48;
0.48314606741573035;
0.4861878453038674;
0.4891304347826087;
0.4919786096256685;
0.48677248677248675;
0.4895833333333333;
0.48205128205128206;
0.4797979797979798;
0.48;
0.47783251231527096;
0.470873786407767;
0.47368421052631576;
0.47641509433962265;
0.4766355140186916;
0.47465437788018433;
0.4727272727272727;
0.47085201793721976;
0.4711111111111111;
0.4692982456140351;
0.47619047619047616;
0.47435897435897434;
0.4810126582278481;
0.4811715481171548;
0.4793388429752066;
0.4775510204081633;
0.47580645161290325;
0.476;
0.47035573122529645;
0.46875;
0.4749034749034749;
0.4732824427480916;
0.4734848484848485;
0.47191011235955055;
0.4703703703703704;
0.46886446886446886;
0.4690909090909091;
0.4712230215827338;
0.47330960854092524;
0.4753521126760563;
0.47735191637630664;
0.47750865051903113;
0.4794520547945205;
0.4745762711864407;
0.47651006711409394;
0.4766666666666667;
0.4752475247524752;
0.477124183006536;
0.47572815533980584;
0.47435897435897434;
0.47770700636942676;
0.47634069400630913;
0.475;
0.47678018575851394;
0.47692307692307695;
0.47560975609756095;
0.48036253776435045;
0.47904191616766467;
0.47774480712166173;
0.4778761061946903;
0.4766081871345029;
0.4811594202898551;
0.47988505747126436;
0.4828571428571429;
0.48158640226628896;
0.48314606741573035;
0.4818941504178273;
0.48066298342541436;
0.4835164835164835;
0.48501362397820164;
0.4891891891891892;
0.4879356568364611;
0.488;
0.4894179894179894;
0.4881889763779528;
0.4869791666666667;
0.4909560723514212;
0.4884318766066838;
0.4897959183673469;
0.48860759493670886;
0.4899497487437186;
0.4925;
0.49379652605459057;
0.49261083743842365;
0.4938875305623472;
0.49271844660194175;
0.4927536231884058;
0.49160671462829736;
0.4928571428571429;
0.491725768321513;
0.49176470588235294;
0.4883177570093458;
0.48491879350348027;
0.4861751152073733;
0.4874141876430206;
0.4874715261958998;
0.48642533936651583;
0.48764044943820223;
0.48660714285714285;
0.4866666666666667;
0.4878587196467991;
0.4868421052631579;
0.485838779956427;
0.48484848484848486;
0.4870689655172414;
0.48822269807280516;
0.48936170212765956;
0.4904862579281184;
0.4926315789473684;
0.49372384937238495;
0.49480249480249483;
0.493801652892562;
0.4928131416837782;
0.49284253578732107;
0.4959349593495935;
0.494949494949495;
0.4939759036144578;
0.492;
0.49105367793240556;
0.49209486166007904;
0.4911591355599214;
0.490234375;
0.490272373540856;
0.4912959381044487;
0.49230769230769234;
0.491395793499044;
0.49142857142857144;
0.49053030303030304;
0.4896421845574388;
0.49063670411985016;
0.4897579143389199;
0.4897959183673469;
0.488929889298893;
0.48990825688073397;
0.48905109489051096;
0.4909090909090909;
0.49005424954792043;
0.48741007194244607;
0.4865831842576029;
0.48576512455516013;
0.48404255319148937;
0.48677248677248675;
0.4842105263157895;
0.4816753926701571;
0.48;
0.47750865051903113;
0.4784853700516351;
0.4777397260273973;
0.4787052810902896;
0.47877758913412566;
0.4814189189189189;
0.4789915966386555;
0.479933110367893;
0.4816666666666667;
0.48258706467661694;
0.48514851485148514;
0.4860426929392447;
0.4852941176470588;
0.4837133550488599;
0.4813614262560778;
0.4838709677419355;
0.48475120385232745;
0.4864;
0.4872611464968153;
0.4896988906497623;
0.4921135646687697;
0.4945054945054945;
0.4945226917057903;
0.49221183800623053;
0.48992248062015503;
0.4876543209876543;
0.4876923076923077;
0.48545176110260335;
0.48628048780487804;
0.48558421851289835;
0.48489425981873113;
0.4864457831325301;
0.48575712143928035;
0.48507462686567165;
0.48439821693907875;
0.482962962962963;
0.4823008849557522;
0.4831130690161527;
0.48391812865497075;
0.4847161572052402;
0.4862119013062409;
0.4884393063583815;
0.48776978417266187;
0.4885386819484241;
0.48857142857142855;
0.48933143669985774;
0.49008498583569404;
0.4894217207334274;
0.49157303370786515;
0.49299719887955185;
0.4909344490934449;
0.4888888888888889;
0.49100968188105115;
0.4910344827586207;
0.49038461538461536;
0.4883720930232558;
0.4891008174386921;
0.4898236092265943;
0.4884979702300406;
0.4865229110512129;
0.487248322147651;
0.4879679144385027;
0.488;
0.48738379814077026;
0.48677248677248675;
0.4874835309617918;
0.48556430446194226;
0.4856020942408377;
0.4863102998696219;
0.487012987012987;
0.48771021992238034;
0.48774193548387096;
0.487146529562982;
0.4852752880921895;
0.4846938775510204;
0.4841168996188056;
0.4841571609632446;
0.48484848484848486;
0.4830188679245283;
0.4824561403508772;
0.48375;
0.48443337484433374;
0.4851116625310174;
0.484548825710754;
0.4839901477832512;
0.48402948402948404;
0.4834761321909425;
0.48292682926829267;
0.4823815309842041;
0.4824242424242424;
0.48188405797101447;
0.4825511432009627;
0.4844124700239808;
0.4838709677419355;
0.48390941597139453;
0.4833729216152019;
0.48284023668639053;
0.4834905660377358;
0.48470588235294115;
0.48534583821805394;
0.48364485981308414;
0.4831199068684517;
0.48491879350348027;
0.4861111111111111;
0.4867358708189158;
0.48735632183908045;
0.4879725085910653;
0.4868571428571429;
0.4863325740318907;
0.4880817253121453;
0.48868778280542985;
0.48928974069898534;
0.4904386951631046;
0.4910313901345291;
0.49162011173184356;
0.4922048997772829;
0.49333333333333335;
0.4939091915836102;
0.49448123620309054;
0.49394939493949397;
0.49451754385964913;
0.49452954048140046;
0.495092693565976;
0.4945652173913043;
0.49404117009750814;
0.49405405405405406;
0.49461206896551724;
0.49516648764769067;
0.49571734475374735;
0.4951974386339381;
0.4941427050053248;
0.49363057324840764;
0.4931216931216931;
0.49261603375527424;
0.4926315789473684;
0.49213011542497376;
0.4916317991631799;
0.4921793534932221;
0.4916839916839917;
0.491701244813278;
0.4901758014477766;
0.49072164948453606;
0.49023638232271327;
0.49025641025641026;
0.4897750511247444;
0.48827726809378186;
0.4888211382113821;
0.48834853090172237;
0.48938321536905965;
0.4899193548387097;
0.4904522613065327;
0.48997995991983967;
NaN;
0.3333333333333333;
0.3333333333333333;
0.3333333333333333;
0.4166666666666667;
0.35714285714285715;
0.4117647058823529;
0.45;
0.4782608695652174;
0.52;
0.5357142857142857;
0.4838709677419355;
0.47058823529411764;
0.4864864864864865;
0.48717948717948717;
0.5;
0.4888888888888889;
0.5208333333333334;
0.52;
0.5471698113207547;
0.5357142857142857;
0.5254237288135594;
0.532258064516129;
0.515625;
0.5223880597014925;
0.5142857142857142;
0.4931506849315068;
0.5066666666666667;
0.48717948717948717;
0.48148148148148145;
0.4642857142857143;
0.45977011494252873;
0.449438202247191;
0.44565217391304346;
0.4421052631578947;
0.42857142857142855;
0.44;
0.44660194174757284;
0.44339622641509435;
0.44954128440366975;
0.44642857142857145;
0.45614035087719296;
0.452991452991453;
0.4666666666666667;
0.4634146341463415;
0.464;
0.46875;
0.46564885496183206;
0.4701492537313433;
0.45985401459854014;
0.460431654676259;
0.4647887323943662;
0.4689655172413793;
0.47297297297297297;
0.4666666666666667;
0.47058823529411764;
0.46794871794871795;
0.4716981132075472;
0.4691358024691358;
0.4695121951219512;
0.47305389221556887;
0.4823529411764706;
0.4797687861271676;
0.48;
0.48314606741573035;
0.4861878453038674;
0.4891304347826087;
0.4919786096256685;
0.48677248677248675;
0.4895833333333333;
0.48205128205128206;
0.4797979797979798;
0.48;
0.47783251231527096;
0.470873786407767;
0.47368421052631576;
0.47641509433962265;
0.4766355140186916;
0.47465437788018433;
0.4727272727272727;
0.47085201793721976;
0.4711111111111111;
0.4692982456140351;
0.47619047619047616;
0.47435897435897434;
0.4810126582278481;
0.4811715481171548;
0.4793388429752066;
0.4775510204081633;
0.47580645161290325;
0.476;
0.47035573122529645;
0.46875;
0.4749034749034749;
0.4732824427480916;
0.4734848484848485;
0.47191011235955055;
0.4703703703703704;
0.46886446886446886;
0.4690909090909091;
0.4712230215827338;
0.47330960854092524;
0.4753521126760563;
0.47735191637630664;
0.47750865051903113;
0.4794520547945205;
0.4745762711864407;
0.47651006711409394;
0.4766666666666667;
0.4752475247524752;
0.477124183006536;
0.47572815533980584;
0.47435897435897434;
0.47770700636942676;
0.47634069400630913;
0.475;
0.47678018575851394;
0.47692307692307695;
0.47560975609756095;
0.48036253776435045;
0.47904191616766467;
0.47774480712166173;
0.4778761061946903;
0.4766081871345029;
0.4811594202898551;
0.47988505747126436;
0.4828571428571429;
0.48158640226628896;
0.48314606741573035;
0.4818941504178273;
0.48066298342541436;
0.4835164835164835;
0.48501362397820164;
0.4891891891891892;
0.4879356568364611;
0.488;
0.4894179894179894;
0.4881889763779528;
0.4869791666666667;
0.4909560723514212;
0.4884318766066838;
0.4897959183673469;
0.48860759493670886;
0.4899497487437186;
0.4925;
0.49379652605459057;
0.49261083743842365;
0.4938875305623472;
0.49271844660194175;
0.4927536231884058;
0.49160671462829736;
0.4928571428571429;
0.491725768321513;
0.49176470588235294;
0.4883177570093458;
0.48491879350348027;
0.4861751152073733;
0.4874141876430206;
0.4874715261958998;
0.48642533936651583;
0.48764044943820223;
0.48660714285714285;
0.4866666666666667;
0.4878587196467991;
0.4868421052631579;
0.485838779956427;
0.48484848484848486;
0.4870689655172414;
0.48822269807280516;
0.48936170212765956;
0.4904862579281184;
0.4926315789473684;
0.49372384937238495;
0.49480249480249483;
0.493801652892562;
0.4928131416837782;
0.49284253578732107;
0.4959349593495935;
0.494949494949495;
0.4939759036144578;
0.492;
0.49105367793240556;
0.49209486166007904;
0.4911591355599214;
0.490234375;
0.490272373540856;
0.4912959381044487;
0.49230769230769234;
0.491395793499044;
0.49142857142857144;
0.49053030303030304;
0.4896421845574388;
0.49063670411985016;
0.4897579143389199;
0.4897959183673469;
0.488929889298893;
0.48990825688073397;
0.48905109489051096;
0.4909090909090909;
0.49005424954792043;
0.48741007194244607;
0.4865831842576029;
0.48576512455516013;
0.48404255319148937;
0.48677248677248675;
0.4842105263157895;
0.4816753926701571;
0.48;
0.47750865051903113;
0.4784853700516351;
0.4777397260273973;
0.4787052810902896;
0.47877758913412566;
0.4814189189189189;
0.4789915966386555;
0.479933110367893;
0.4816666666666667;
0.48258706467661694;
0.48514851485148514;
0.4860426929392447;
0.4852941176470588;
0.4837133550488599;
0.4813614262560778;
0.4838709677419355;
0.48475120385232745;
0.4864;
0.4872611464968153;
0.4896988906497623;
0.4921135646687697;
0.4945054945054945;
0.4945226917057903;
0.49221183800623053;
0.48992248062015503;
0.4876543209876543;
0.4876923076923077;
0.48545176110260335;
0.48628048780487804;
0.48558421851289835;
0.48489425981873113;
0.4864457831325301;
0.48575712143928035;
0.48507462686567165;
0.48439821693907875;
0.482962962962963;
0.4823008849557522;
0.4831130690161527;
0.48391812865497075;
0.4847161572052402;
0.4862119013062409;
0.4884393063583815;
0.48776978417266187;
0.4885386819484241;
0.48857142857142855;
0.48933143669985774;
0.49008498583569404;
0.4894217207334274;
0.49157303370786515;
0.49299719887955185;
0.4909344490934449;
0.4888888888888889;
0.49100968188105115;
0.4910344827586207;
0.49038461538461536;
0.4883720930232558;
0.4891008174386921;
0.4898236092265943;
0.4884979702300406;
0.4865229110512129;
0.487248322147651;
0.4879679144385027;
0.488;
0.48738379814077026;
0.48677248677248675;
0.4874835309617918;
0.48556430446194226;
0.4856020942408377;
0.4863102998696219;
0.487012987012987;
0.48771021992238034;
0.48774193548387096;
0.487146529562982;
0.4852752880921895;
0.4846938775510204;
0.4841168996188056;
0.4841571609632446;
0.48484848484848486;
0.4830188679245283;
0.4824561403508772;
0.48375;
0.48443337484433374;
0.4851116625310174;
0.484548825710754;
0.4839901477832512;
0.48402948402948404;
0.4834761321909425;
0.48292682926829267;
0.4823815309842041;
0.4824242424242424;
0.48188405797101447;
0.4825511432009627;
0.4844124700239808;
0.4838709677419355;
0.48390941597139453;
0.4833729216152019;
0.48284023668639053;
0.4834905660377358;
0.48470588235294115;
0.48534583821805394;
0.48364485981308414;
0.4831199068684517;
0.48491879350348027;
0.4861111111111111;
0.4867358708189158;
0.48735632183908045;
0.4879725085910653;
0.4868571428571429;
0.4863325740318907;
0.4880817253121453;
0.48868778280542985;
0.48928974069898534;
0.4904386951631046;
0.4910313901345291;
0.49162011173184356;
0.4922048997772829;
0.49333333333333335;
0.4939091915836102;
0.49448123620309054;
0.49394939493949397;
0.49451754385964913;
0.49452954048140046;
0.495092693565976;
0.4945652173913043;
0.49404117009750814;
0.49405405405405406;
0.49461206896551724;
0.49516648764769067;
0.49571734475374735;
0.4951974386339381;
0.4941427050053248;
0.49363057324840764;
0.4931216931216931;
0.49261603375527424;
0.4926315789473684;
0.49213011542497376;
0.4916317991631799;
0.4921793534932221;
0.4916839916839917;
0.491701244813278;
0.4901758014477766;
0.49072164948453606;
0.49023638232271327;
0.49025641025641026;
0.4897750511247444;
0.48827726809378186;
0.4888211382113821;
0.48834853090172237;
0.48938321536905965;
0.4899193548387097;
0.4904522613065327;
0.48997995991983967;
NaN;
1.0;
1.0;
1.0;
1.0;
1.0;
1.0;
1.0;
1.0;
1.0;
1.0;
1.0;
1.0;
1.0;
1.0;
1.0;
1.0;
1.0;
1.0;
1.0;
1.0;
1.0;
1.0;
1.0;
1.0;
1.0;
1.0;
1.0;
1.0;
1.0;
1.0;
1.0;
1.0;
1.0;
1.0;
1.0;
1.0;
1.0;
1.0;
1.0;
1.0;
1.0;
1.0;
1.0;
1.0;
1.0;
1.0;
1.0;
1.0;
1.0;
1.0;
1.0;
1.0;
1.0;
1.0;
1.0;
1.0;
1.0;
1.0;
1.0;
1.0;
1.0;
1.0;
1.0;
1.0;
1.0;
1.0;
1.0;
1.0;
1.0;
1.0;
1.0;
1.0;
1.0;
1.0;
1.0;
1.0;
1.0;
1.0;
1.0;
1.0;
1.0;
1.0;
1.0;
1.0;
1.0;
1.0;
1.0;
1.0;
1.0;
1.0;
1.0;
1.0;
1.0;
1.0;
1.0;
1.0;
1.0;
1.0;
1.0;
1.0;
1.0;
1.0;
1.0;
1.0;
1.0;
1.0;
1.0;
1.0;
1.0;
1.0;
1.0;
1.0;
1.0;
1.0;
1.0;
1.0;
1.0;
1.0;
1.0;
1.0;
1.0;
1.0;
1.0;
1.0;
1.0;
1.0;
1.0;
1.0;
1.0;
1.0;
1.0;
1.0;
1.0;
1.0;
1.0;
1.0;
1.0;
1.0;
1.0;
1.0;
1.0;
1.0;
1.0;
1.0;
1.0;
1.0;
1.0;
1.0;
1.0;
1.0;
1.0;
1.0;
1.0;
1.0;
1.0;
1.0;
1.0;
1.0;
1.0;
1.0;
1.0;
1.0;
1.0;
1.0;
1.0;
1.0;
1.0;
1.0;
1.0;
1.0;
1.0;
1.0;
1.0;
1.0;
1.0;
1.0;
1.0;
1.0;
1.0;
1.0;
1.0;
1.0;
1.0;
1.0;
1.0;
1.0;
1.0;
1.0;
1.0;
1.0;
1.0;
1.0;
1.0;
1.0;
1.0;
1.0;
1.0;
1.0;
1.0;
1.0;
1.0;
1.0;
1.0;
1.0;
1.0;
1.0;
1.0;
1.0;
1.0;
1.0;
1.0;
1.0;
1.0;
1.0;
1.0;
1.0;
1.0;
1.0;
1.0;
1.0;
1.0;
1.0;
1.0;
1.0;
1.0;
1.0;
1.0;
1.0;
1.0;
1.0;
1.0;
1.0;
1.0;
1.0;
1.0;
1.0;
1.0;
1.0;
1.0;
1.0;
1.0;
1.0;
1.0;
1.0;
1.0;
1.0;
1.0;
1.0;
1.0;
1.0;
1.0;
1.0;
1.0;
1.0;
1.0;
1.0;
1.0;
1.0;
1.0;
1.0;
1.0;
1.0;
1.0;
1.0;
1.0;
1.0;
1.0;
1.0;
1.0;
1.0;
1.0;
1.0;
1.0;
1.0;
1.0;
1.0;
1.0;
1.0;
1.0;
1.0;
1.0;
1.0;
1.0;
1.0;
1.0;
1.0;
1.0;
1.0;
1.0;
1.0;
1.0;
1.0;
1.0;
1.0;
1.0;
1.0;
1.0;
1.0;
1.0;
1.0;
1.0;
1.0;
1.0;
1.0;
1.0;
1.0;
1.0;
1.0;
1.0;
1.0;
1.0;
1.0;
1.0;
1.0;
1.0;
1.0;
1.0;
1.0;
1.0;
1.0;
1.0;
1.0;
1.0;
1.0;
1.0;
1.0;
1.0;
1.0;
1.0;
1.0;
1.0;
1.0;
1.0;
1.0;
1.0;
1.0;
1.0;
1.0;
1.0;
1.0;
1.0;
1.0;
1.0;
1.0;
1.0;
1.0;
1.0;
1.0;
1.0;
1.0;
1.0;
1.0;
1.0;
1.0;
1.0;
1.0;
1.0;
1.0;
1.0;
NaN;
1.0;
1.0;
1.0;
1.0;
1.0;
1.0;
1.0;
1.0;
1.0;
1.0;
1.0;
1.0;
1.0;
1.0;
1.0;
1.0;
1.0;
1.0;
1.0;
1.0;
1.0;
1.0;
1.0;
1.0;
1.0;
1.0;
1.0;
1.0;
1.0;
1.0;
1.0;
1.0;
1.0;
1.0;
1.0;
1.0;
1.0;
1.0;
1.0;
1.0;
1.0;
1.0;
1.0;
1.0;
1.0;
1.0;
1.0;
1.0;
1.0;
1.0;
1.0;
1.0;
1.0;
1.0;
1.0;
1.0;
1.0;
1.0;
1.0;
1.0;
1.0;
1.0;
1.0;
1.0;
1.0;
1.0;
1.0;
1.0;
1.0;
1.0;
1.0;
1.0;
1.0;
1.0;
1.0;
1.0;
1.0;
1.0;
1.0;
1.0;
1.0;
1.0;
1.0;
1.0;
1.0;
1.0;
1.0;
1.0;
1.0;
1.0;
1.0;
1.0;
1.0;
1.0;
1.0;
1.0;
1.0;
1.0;
1.0;
1.0;
1.0;
1.0;
1.0;
1.0;
1.0;
1.0;
1.0;
1.0;
1.0;
1.0;
1.0;
1.0;
1.0;
1.0;
1.0;
1.0;
1.0;
1.0;
1.0;
1.0;
1.0;
1.0;
1.0;
1.0;
1.0;
1.0;
1.0;
1.0;
1.0;
1.0;
1.0;
1.0;
1.0;
1.0;
1.0;
1.0;
1.0;
1.0;
1.0;
1.0;
1.0;
1.0;
1.0;
1.0;
1.0;
1.0;
1.0;
1.0;
1.0;
1.0;
1.0;
1.0;
1.0;
1.0;
1.0;
1.0;
1.0;
1.0;
1.0;
1.0;
1.0;
1.0;
1.0;
1.0;
1.0;
1.0;
1.0;
1.0;
1.0;
1.0;
1.0;
1.0;
1.0;
1.0;
1.0;
1.0;
1.0;
1.0;
1.0;
1.0;
1.0;
1.0;
1.0;
1.0;
1.0;
1.0;
1.0;
1.0;
1.0;
1.0;
1.0;
1.0;
1.0;
1.0;
1.0;
1.0;
1.0;
1.0;
1.0;
1.0;
1.0;
1.0;
1.0;
1.0;
1.0;
1.0;
1.0;
1.0;
1.0;
1.0;
1.0;
1.0;
1.0;
1.0;
1.0;
1.0;
1.0;
1.0;
1.0;
1.0;
1.0;
1.0;
1.0;
1.0;
1.0;
1.0;
1.0;
1.0;
1.0;
1.0;
1.0;
1.0;
1.0;
1.0;
1.0;
1.0;
1.0;
1.0;
1.0;
1.0;
1.0;
1.0;
1.0;
1.0;
1.0;
1.0;
1.0;
1.0;
1.0;
1.0;
1.0;
1.0;
1.0;
1.0;
1.0;
1.0;
1.0;
1.0;
1.0;
1.0;
1.0;
1.0;
1.0;
1.0;
1.0;
1.0;
1.0;
1.0;
1.0;
1.0;
1.0;
1.0;
1.0;
1.0;
1.0;
1.0;
1.0;
1.0;
1.0;
1.0;
1.0;
1.0;
1.0;
1.0;
1.0;
1.0;
1.0;
1.0;
1.0;
1.0;
1.0;
1.0;
1.0;
1.0;
1.0;
1.0;
1.0;
1.0;
1.0;
1.0;
1.0;
1.0;
1.0;
1.0;
1.0;
1.0;
0.9444444444444444;
0.9444444444444444;
0.9444444444444444;
0.9444444444444444;
0.9444444444444444;
0.9444444444444444;
0.9444444444444444;
0.9444444444444444;
0.9444444444444444;
0.9444444444444444;
0.9444444444444444;
0.9444444444444444;
0.9444444444444444;
0.9444444444444444;
0.9444444444444444;
0.9444444444444444;
0.9444444444444444;
0.9444444444444444;
0.9473684210526315;
0.9473684210526315;
0.9473684210526315;
0.9473684210526315;
0.9473684210526315;
0.9473684210526315;
0.9473684210526315;
0.9473684210526315;
0.9473684210526315;
0.9473684210526315;
0.9473684210526315;
0.9473684210526315;
0.9473684210526315;
0.9473684210526315;
0.9473684210526315;
0.9473684210526315;
0.9473684210526315;
0.9473684210526315;
0.95;
0.95;
0.95;
0.95;
0.95;
0.95;
0.95;
0.95;
0.95;
0.95;
0.95;
0.95;
0.95;
0.95;
0.95;
0.95;
0.95;
NaN;
1.0;
1.0;
1.0;
1.0;
1.0;
1.0;
1.0;
1.0;
1.0;
1.0;
1.0;
1.0;
1.0;
1.0;
1.0;
1.0;
1.0;
1.0;
1.0;
1.0;
1.0;
1.0;
1.0;
1.0;
1.0;
1.0;
1.0;
1.0;
1.0;
1.0;
1.0;
1.0;
1.0;
1.0;
1.0;
1.0;
1.0;
1.0;
1.0;
1.0;
1.0;
1.0;
1.0;
1.0;
1.0;
1.0;
1.0;
1.0;
1.0;
1.0;
1.0;
1.0;
1.0;
1.0;
1.0;
1.0;
1.0;
1.0;
1.0;
1.0;
1.0;
1.0;
1.0;
1.0;
1.0;
1.0;
1.0;
1.0;
1.0;
1.0;
1.0;
1.0;
1.0;
1.0;
1.0;
1.0;
1.0;
1.0;
1.0;
1.0;
1.0;
1.0;
1.0;
1.0;
1.0;
1.0;
1.0;
1.0;
1.0;
1.0;
1.0;
1.0;
1.0;
1.0;
1.0;
1.0;
1.0;
1.0;
1.0;
1.0;
1.0;
1.0;
1.0;
1.0;
1.0;
1.0;
1.0;
1.0;
1.0;
1.0;
1.0;
1.0;
1.0;
1.0;
1.0;
1.0;
1.0;
1.0;
1.0;
1.0;
1.0;
1.0;
1.0;
1.0;
1.0;
1.0;
1.0;
1.0;
1.0;
1.0;
1.0;
1.0;
1.0;
1.0;
1.0;
1.0;
1.0;
1.0;
1.0;
1.0;
1.0;
1.0;
1.0;
1.0;
1.0;
1.0;
1.0;
1.0;
1.0;
1.0;
1.0;
1.0;
1.0;
1.0;
1.0;
1.0;
1.0;
1.0;
1.0;
1.0;
1.0;
1.0;
1.0;
1.0;
1.0;
1.0;
1.0;
1.0;
1.0;
1.0;
1.0;
1.0;
1.0;
1.0;
1.0;
1.0;
1.0;
1.0;
1.0;
1.0;
1.0;
1.0;
1.0;
1.0;
1.0;
1.0;
1.0;
1.0;
1.0;
1.0;
1.0;
1.0;
1.0;
1.0;
1.0;
1.0;
1.0;
1.0;
1.0;
1.0;
1.0;
1.0;
1.0;
1.0;
1.0;
1.0;
1.0;
1.0;
1.0;
1.0;
0.875;
0.875;
0.875;
0.875;
0.875;
0.875;
0.875;
0.875;
0.875;
0.875;
0.875;
0.875;
0.875;
0.875;
0.875;
0.875;
0.875;
0.875;
0.875;
0.875;
0.875;
0.875;
0.875;
0.875;
0.875;
0.875;
0.875;
0.875;
0.875;
0.875;
0.8888888888888888;
0.8888888888888888;
0.8888888888888888;
0.8888888888888888;
0.8888888888888888;
0.8888888888888888;
0.8888888888888888;
0.8888888888888888;
0.8888888888888888;
0.8888888888888888;
0.8888888888888888;
0.8888888888888888;
0.8888888888888888;
0.8888888888888888;
0.8888888888888888;
0.8888888888888888;
0.8888888888888888;
0.8888888888888888;
0.8888888888888888;
0.8888888888888888;
0.8888888888888888;
0.8888888888888888;
0.8888888888888888;
0.8888888888888888;
0.8888888888888888;
0.8888888888888888;
0.8888888888888888;
0.8888888888888888;
0.8888888888888888;
0.8888888888888888;
0.9;
0.9;
0.9;
0.9;
0.9;
0.9;
0.9;
0.9;
0.9;
0.9;
0.9;
0.9;
0.9;
0.9;
0.9;
0.9;
0.9;
0.9;
0.9;
0.9;
0.9;
0.9;
0.9;
0.9;
0.9;
0.9;
0.9;
0.9;
0.9;
0.9;
0.9090909090909091;
0.9090909090909091;
0.9090909090909091;
0.9090909090909091;
0.9090909090909091;
0.9090909090909091;
0.9090909090909091;
0.9090909090909091;
0.9090909090909091;
0.9090909090909091;
0.9090909090909091;
0.9090909090909091;
0.9090909090909091;
0.9090909090909091;
0.9090909090909091;
0.9090909090909091;
0.9090909090909091;
0.9090909090909091;
0.9090909090909091;
0.9090909090909091;
0.9090909090909091;
0.9090909090909091;
0.9090909090909091;
0.9090909090909091;
0.9090909090909091;
0.9090909090909091;
0.9090909090909091;
0.9090909090909091;
0.9090909090909091;
0.9090909090909091;
0.9166666666666666;
0.9166666666666666;
0.9166666666666666;
0.9166666666666666;
0.9166666666666666;
0.9166666666666666;
0.9166666666666666;
0.9166666666666666;
0.9166666666666666;
0.9166666666666666;
0.9166666666666666;
0.9166666666666666;
0.9166666666666666;
0.9166666666666666;
0.9166666666666666;
0.9166666666666666;
0.9166666666666666;
0.9166666666666666;
0.9166666666666666;
0.9166666666666666;
0.9166666666666666;
0.9166666666666666;
0.9166666666666666;
0.9166666666666666;
0.9166666666666666;
0.9166666666666666;
0.9166666666666666;
0.9166666666666666;
0.9166666666666666;
NaN;
1.0;
1.0;
1.0;
1.0;
1.0;
1.0;
1.0;
1.0;
1.0;
1.0;
1.0;
1.0;
1.0;
1.0;
1.0;
1.0;
1.0;
1.0;
1.0;
1.0;
1.0;
1.0;
1.0;
1.0;
1.0;
1.0;
1.0;
1.0;
1.0;
1.0;
1.0;
1.0;
1.0;
1.0;
1.0;
1.0;
1.0;
1.0;
1.0;
1.0;
1.0;
1.0;
1.0;
1.0;
1.0;
1.0;
1.0;
1.0;
1.0;
1.0;
1.0;
1.0;
1.0;
1.0;
1.0;
1.0;
1.0;
1.0;
1.0;
1.0;
1.0;
1.0;
1.0;
1.0;
1.0;
1.0;
1.0;
1.0;
1.0;
1.0;
1.0;
1.0;
1.0;
1.0;
1.0;
1.0;
1.0;
1.0;
1.0;
1.0;
1.0;
1.0;
1.0;
1.0;
1.0;
1.0;
1.0;
1.0;
1.0;
1.0;
1.0;
1.0;
1.0;
1.0;
1.0;
1.0;
1.0;
1.0;
1.0;
1.0;
1.0;
1.0;
1.0;
1.0;
1.0;
1.0;
1.0;
1.0;
1.0;
1.0;
1.0;
1.0;
1.0;
1.0;
1.0;
1.0;
1.0;
1.0;
1.0;
1.0;
1.0;
1.0;
1.0;
1.0;
1.0;
1.0;
1.0;
1.0;
1.0;
1.0;
1.0;
1.0;
1.0;
1.0;
1.0;
1.0;
1.0;
1.0;
1.0;
1.0;
1.0;
1.0;
1.0;
1.0;
1.0;
1.0;
1.0;
1.0;
1.0;
1.0;
1.0;
1.0;
1.0;
1.0;
1.0;
1.0;
1.0;
1.0;
1.0;
1.0;
1.0;
1.0;
1.0;
1.0;
1.0;
1.0;
1.0;
1.0;
1.0;
1.0;
1.0;
1.0;
1.0;
1.0;
1.0;
1.0;
1.0;
1.0;
1.0;
1.0;
1.0;
1.0;
1.0;
1.0;
1.0;
1.0;
1.0;
1.0;
1.0;
1.0;
1.0;
1.0;
1.0;
1.0;
1.0;
1.0;
1.0;
1.0;
1.0;
1.0;
1.0;
1.0;
1.0;
1.0;
1.0;
1.0;
1.0;
1.0;
1.0;
1.0;
1.0;
1.0;
1.0;
1.0;
1.0;
1.0;
1.0;
1.0;
1.0;
1.0;
1.0;
1.0;
1.0;
1.0;
1.0;
1.0;
1.0;
1.0;
1.0;
1.0;
1.0;
1.0;
1.0;
1.0;
1.0;
1.0;
1.0;
1.0;
1.0;
1.0;
1.0;
1.0;
1.0;
1.0;
1.0;
1.0;
1.0;
1.0;
1.0;
1.0;
1.0;
1.0;
1.0;
1.0;
1.0;
1.0;
1.0;
1.0;
1.0;
1.0;
1.0;
1.0;
1.0;
1.0;
1.0;
1.0;
1.0;
1.0;
1.0;
1.0;
1.0;
1.0;
1.0;
1.0;
1.0;
1.0;
1.0;
1.0;
1.0;
1.0;
1.0;
1.0;
1.0;
1.0;
1.0;
1.0;
1.0;
1.0;
1.0;
1.0;
1.0;
1.0;
1.0;
1.0;
1.0;
1.0;
1.0;
1.0;
1.0;
1.0;
0.9090909090909091;
0.9090909090909091;
0.9090909090909091;
0.9090909090909091;
0.9090909090909091;
0.9090909090909091;
0.9090909090909091;
0.9090909090909091;
0.9090909090909091;
0.9090909090909091;
0.9090909090909091;
0.9090909090909091;
0.9090909090909091;
0.9090909090909091;
0.9090909090909091;
0.9090909090909091;
0.9090909090909091;
0.9090909090909091;
0.9090909090909091;
0.9090909090909091;
0.9090909090909091;
0.9090909090909091;
0.9090909090909091;
0.9090909090909091;
0.9090909090909091;
0.9090909090909091;
0.9090909090909091;
0.9090909090909091;
0.9090909090909091;
0.9090909090909091;
0.9166666666666666;
0.9166666666666666;
0.9166666666666666;
0.9166666666666666;
0.9166666666666666;
0.9166666666666666;
0.9166666666666666;
0.9166666666666666;
0.9166666666666666;
0.9166666666666666;
0.9166666666666666;
0.9166666666666666;
0.9166666666666666;
0.9166666666666666;
0.9166666666666666;
0.9166666666666666;
0.9166666666666666;
0.9166666666666666;
0.9166666666666666;
0.9166666666666666;
0.9166666666666666;
0.9166666666666666;
0.9166666666666666;
0.9166666666666666;
0.9166666666666666;
0.9166666666666666;
0.9166666666666666;
0.9166666666666666;
0.9166666666666666;
NaN;
1.0;
1.0;
1.0;
1.0;
1.0;
1.0;
1.0;
1.0;
1.0;
1.0;
1.0;
1.0;
1.0;
1.0;
1.0;
1.0;
1.0;
1.0;
1.0;
1.0;
1.0;
1.0;
1.0;
1.0;
1.0;
1.0;
1.0;
1.0;
1.0;
1.0;
1.0;
1.0;
1.0;
1.0;
1.0;
1.0;
1.0;
1.0;
1.0;
1.0;
1.0;
1.0;
1.0;
1.0;
1.0;
1.0;
1.0;
1.0;
1.0;
1.0;
1.0;
1.0;
1.0;
1.0;
1.0;
1.0;
1.0;
1.0;
1.0;
1.0;
1.0;
1.0;
1.0;
1.0;
1.0;
1.0;
1.0;
1.0;
1.0;
1.0;
1.0;
1.0;
1.0;
1.0;
1.0;
1.0;
1.0;
1.0;
1.0;
1.0;
1.0;
1.0;
1.0;
1.0;
1.0;
1.0;
1.0;
1.0;
1.0;
1.0;
1.0;
1.0;
1.0;
1.0;
1.0;
1.0;
1.0;
1.0;
1.0;
1.0;
1.0;
1.0;
1.0;
1.0;
1.0;
1.0;
1.0;
1.0;
1.0;
1.0;
1.0;
1.0;
1.0;
1.0;
1.0;
1.0;
1.0;
1.0;
1.0;
1.0;
1.0;
1.0;
1.0;
1.0;
1.0;
1.0;
1.0;
1.0;
1.0;
1.0;
1.0;
1.0;
1.0;
1.0;
1.0;
1.0;
1.0;
1.0;
1.0;
1.0;
1.0;
1.0;
1.0;
1.0;
1.0;
1.0;
1.0;
1.0;
1.0;
1.0;
1.0;
1.0;
1.0;
1.0;
1.0;
1.0;
1.0;
1.0;
1.0;
1.0;
1.0;
1.0;
1.0;
1.0;
1.0;
1.0;
1.0;
1.0;
1.0;
1.0;
1.0;
1.0;
1.0;
1.0;
1.0;
1.0;
1.0;
1.0;
1.0;
1.0;
1.0;
1.0;
1.0;
1.0;
1.0;
1.0;
1.0;
1.0;
1.0;
1.0;
1.0;
1.0;
1.0;
1.0;
1.0;
1.0;
1.0;
1.0;
1.0;
1.0;
1.0;
1.0;
1.0;
1.0;
1.0;
1.0;
1.0;
1.0;
1.0;
1.0;
1.0;
1.0;
1.0;
1.0;
1.0;
1.0;
1.0;
1.0;
1.0;
1.0;
1.0;
1.0;
1.0;
1.0;
1.0;
1.0;
1.0;
1.0;
1.0;
1.0;
1.0;
1.0;
1.0;
1.0;
1.0;
1.0;
1.0;
1.0;
1.0;
1.0;
1.0;
1.0;
1.0;
1.0;
1.0;
1.0;
1.0;
1.0;
1.0;
1.0;
1.0;
1.0;
1.0;
1.0;
1.0;
1.0;
1.0;
1.0;
1.0;
1.0;
1.0;
1.0;
1.0;
1.0;
1.0;
1.0;
1.0;
1.0;
1.0;
1.0;
1.0;
1.0;
1.0;
1.0;
1.0;
1.0;
1.0;
1.0;
1.0;
1.0;
1.0;
1.0;
1.0;
1.0;
1.0;
1.0;
1.0;
1.0;
1.0;
1.0;
1.0;
1.0;
1.0;
1.0;
1.0;
1.0;
1.0;
1.0;
1.0;
1.0;
1.0;
1.0;
1.0;
1.0;
1.0;
1.0;
1.0;
1.0;
1.0;
1.0;
1.0;
1.0;
1.0;
1.0;
1.0;
1.0;
1.0;
1.0;
1.0;
1.0;
1.0;
1.0;
1.0;
1.0;
1.0;
1.0;
1.0;
1.0;
1.0;
1.0;
1.0;
1.0;
1.0;
1.0;
1.0;
1.0;
1.0;
1.0;
1.0;
1.0;
1.0;
1.0;
1.0;
1.0;
1.0;
1.0;
1.0;
1.0;
1.0;
1.0;
1.0;
1.0;
1.0;
1.0;
1.0;
1.0;
1.0;
1.0;
1.0;
NaN;
1.0;
1.0;
1.0;
1.0;
1.0;
1.0;
1.0;
1.0;
1.0;
1.0;
1.0;
1.0;
1.0;
1.0;
1.0;
1.0;
1.0;
1.0;
1.0;
1.0;
1.0;
1.0;
1.0;
1.0;
1.0;
1.0;
1.0;
1.0;
1.0;
1.0;
1.0;
1.0;
1.0;
1.0;
1.0;
1.0;
1.0;
1.0;
1.0;
1.0;
1.0;
1.0;
1.0;
1.0;
1.0;
1.0;
1.0;
1.0;
1.0;
1.0;
1.0;
1.0;
1.0;
1.0;
1.0;
1.0;
1.0;
1.0;
1.0;
1.0;
1.0;
1.0;
1.0;
1.0;
1.0;
1.0;
1.0;
1.0;
1.0;
1.0;
1.0;
1.0;
1.0;
1.0;
1.0;
1.0;
1.0;
1.0;
1.0;
1.0;
1.0;
1.0;
1.0;
1.0;
1.0;
1.0;
1.0;
1.0;
1.0;
1.0;
1.0;
1.0;
1.0;
1.0;
1.0;
1.0;
1.0;
1.0;
1.0;
1.0;
1.0;
1.0;
1.0;
1.0;
1.0;
1.0;
1.0;
1.0;
1.0;
1.0;
1.0;
1.0;
1.0;
1.0;
1.0;
1.0;
1.0;
1.0;
1.0;
1.0;
1.0;
1.0;
1.0;
1.0;
1.0;
1.0;
1.0;
1.0;
1.0;
1.0;
1.0;
1.0;
1.0;
1.0;
1.0;
1.0;
1.0;
1.0;
1.0;
1.0;
1.0;
1.0;
1.0;
1.0;
1.0;
1.0;
1.0;
1.0;
1.0;
1.0;
1.0;
1.0;
1.0;
1.0;
1.0;
1.0;
1.0;
1.0;
1.0;
1.0;
1.0;
1.0;
1.0;
1.0;
1.0;
1.0;
1.0;
1.0;
1.0;
1.0;
1.0;
1.0;
1.0;
1.0;
1.0;
1.0;
1.0;
1.0;
1.0;
1.0;
1.0;
1.0;
1.0;
1.0;
1.0;
1.0;
1.0;
1.0;
1.0;
1.0;
1.0;
1.0;
1.0;
1.0;
1.0;
1.0;
1.0;
1.0;
1.0;
1.0;
1.0;
1.0;
1.0;
1.0;
1.0;
1.0;
1.0;
1.0;
1.0;
1.0;
1.0;
1.0;
1.0;
1.0;
1.0;
1.0;
1.0;
1.0;
1.0;
1.0;
1.0;
1.0;
1.0;
1.0;
1.0;
1.0;
1.0;
1.0;
1.0;
1.0;
1.0;
1.0;
1.0;
1.0;
1.0;
1.0;
1.0;
1.0;
1.0;
1.0;
1.0;
1.0;
1.0;
1.0;
1.0;
1.0;
1.0;
1.0;
1.0;
1.0;
1.0;
1.0;
1.0;
1.0;
1.0;
1.0;
1.0;
1.0;
1.0;
1.0;
1.0;
1.0;
1.0;
1.0;
1.0;
1.0;
1.0;
1.0;
1.0;
1.0;
1.0;
1.0;
1.0;
1.0;
1.0;
1.0;
1.0;
1.0;
1.0;
1.0;
1.0;
1.0;
1.0;
1.0;
1.0;
1.0;
1.0;
1.0;
1.0;
1.0;
1.0;
1.0;
1.0;
1.0;
1.0;
1.0;
1.0;
1.0;
1.0;
1.0;
1.0;
1.0;
1.0;
1.0;
1.0;
1.0;
1.0;
1.0;
1.0;
0.9767441860465116;
0.9767441860465116;
0.9767441860465116;
0.9767441860465116;
0.9767441860465116;
0.9767441860465116;
0.9767441860465116;
0.9772727272727273;
0.9772727272727273;
0.9772727272727273;
0.9772727272727273;
0.9772727272727273;
0.9772727272727273;
0.9772727272727273;
0.9772727272727273;
0.9777777777777777;
0.9777777777777777;
0.9777777777777777;
0.9777777777777777;
0.9777777777777777;
0.9777777777777777;
0.9777777777777777;
0.9782608695652174;
0.9782608695652174;
0.9782608695652174;
0.9782608695652174;
0.9782608695652174;
0.9782608695652174;
0.9782608695652174;
0.9787234042553191;
0.9787234042553191;
0.9787234042553191;
0.9787234042553191;
0.9787234042553191;
0.9787234042553191;
0.9787234042553191;
0.9791666666666666;
0.9791666666666666;
0.9791666666666666;
0.9791666666666666;
0.9791666666666666;
0.9791666666666666;
0.9791666666666666;
0.9795918367346939;
0.9795918367346939;
0.9795918367346939;
0.9795918367346939;
0.9795918367346939;
0.9795918367346939;
0.9795918367346939;
NaN;
1.0;
1.0;
0.8;
0.6666666666666666;
0.5714285714285714;
0.6666666666666666;
0.7;
0.6666666666666666;
0.6153846153846154;
0.6428571428571429;
0.625;
0.5882352941176471;
0.631578947368421;
0.65;
0.6190476190476191;
0.6086956521739131;
0.625;
0.64;
0.5925925925925926;
0.6071428571428571;
0.5666666666666667;
0.5483870967741935;
0.53125;
0.5;
0.4857142857142857;
0.4864864864864865;
0.5;
0.5128205128205128;
0.5365853658536586;
0.5238095238095238;
0.5454545454545454;
0.5333333333333333;
0.5434782608695652;
0.5416666666666666;
0.5510204081632653;
0.56;
0.5576923076923077;
0.5471698113207547;
0.5454545454545454;
0.5357142857142857;
0.5263157894736842;
0.5254237288135594;
0.5333333333333333;
0.532258064516129;
0.5238095238095238;
0.53125;
0.5303030303030303;
0.5223880597014925;
0.5217391304347826;
0.5285714285714286;
0.5352112676056338;
0.5205479452054794;
0.5135135135135135;
0.52;
0.5064935064935064;
0.5;
0.4875;
0.49382716049382713;
0.5;
0.5119047619047619;
0.5176470588235295;
0.5172413793103449;
0.5113636363636364;
0.5168539325842697;
0.5274725274725275;
0.5217391304347826;
0.5319148936170213;
0.5368421052631579;
0.5416666666666666;
0.5306122448979592;
0.5252525252525253;
0.53;
0.5294117647058824;
0.5242718446601942;
0.5333333333333333;
0.5377358490566038;
0.5327102803738317;
0.5412844036697247;
0.5454545454545454;
0.5357142857142857;
0.5398230088495575;
0.543859649122807;
0.5344827586206896;
0.5384615384615384;
0.5294117647058824;
0.5333333333333333;
0.5289256198347108;
0.5284552845528455;
0.532258064516129;
0.536;
0.5354330708661418;
0.53125;
0.5307692307692308;
0.5267175572519084;
0.5303030303030303;
0.5298507462686567;
0.5333333333333333;
0.5328467153284672;
0.5289855072463768;
0.5323741007194245;
0.5390070921985816;
0.5352112676056338;
0.5277777777777778;
0.5310344827586206;
0.5342465753424658;
0.5337837837837838;
0.5369127516778524;
0.54;
0.5394736842105263;
0.5359477124183006;
0.535483870967742;
0.5384615384615384;
0.5414012738853503;
0.5471698113207547;
0.55;
0.5432098765432098;
0.5460122699386503;
0.5426829268292683;
0.5421686746987951;
0.5389221556886228;
0.5384615384615384;
0.5411764705882353;
0.5380116959064327;
0.5433526011560693;
0.5402298850574713;
0.5428571428571428;
0.536723163841808;
0.5393258426966292;
0.5333333333333333;
0.5359116022099447;
0.5384615384615384;
0.5380434782608695;
0.5405405405405406;
0.5454545454545454;
0.5425531914893617;
0.544973544973545;
0.5445026178010471;
0.546875;
0.5515463917525774;
0.5538461538461539;
0.5510204081632653;
0.5505050505050505;
0.5477386934673367;
0.55;
0.5445544554455446;
0.541871921182266;
0.5463414634146342;
0.5436893203883495;
0.5458937198067633;
0.5454545454545454;
0.5428571428571428;
0.5424528301886793;
0.539906103286385;
0.5373831775700935;
0.5370370370370371;
0.5391705069124424;
0.5388127853881278;
0.5409090909090909;
0.5429864253393665;
0.547085201793722;
0.5446428571428571;
0.5422222222222223;
0.5462555066079295;
0.543859649122807;
0.5434782608695652;
0.5411255411255411;
0.5387931034482759;
0.5427350427350427;
0.5404255319148936;
0.5443037974683544;
0.542016806722689;
0.5397489539748954;
0.5435684647302904;
0.5454545454545454;
0.5450819672131147;
0.5469387755102041;
0.5487804878048781;
0.5524193548387096;
0.5502008032128514;
0.552;
0.5555555555555556;
0.5533596837944664;
0.5490196078431373;
0.55078125;
0.5525291828793775;
0.5521235521235521;
0.5538461538461539;
0.549618320610687;
0.5475285171102662;
0.5492424242424242;
0.5488721804511278;
0.550561797752809;
0.5539033457249071;
0.5555555555555556;
0.5535055350553506;
0.5494505494505495;
0.5474452554744526;
0.5490909090909091;
0.5487364620938628;
0.5467625899280576;
0.5464285714285714;
0.5480427046263345;
0.5460992907801419;
0.5422535211267606;
0.543859649122807;
0.5435540069686411;
0.5451388888888888;
0.5432525951557093;
0.5429553264604811;
0.5445205479452054;
0.54421768707483;
0.5457627118644067;
0.5472972972972973;
0.5436241610738255;
0.5451505016722408;
0.5466666666666666;
0.5463576158940397;
0.5478547854785478;
0.5442622950819672;
0.545751633986928;
0.5439739413680782;
0.5436893203883495;
0.5419354838709678;
0.5384615384615384;
0.5399361022364217;
0.5382165605095541;
0.5411392405063291;
0.5394321766561514;
0.5360501567398119;
0.5375;
0.5358255451713395;
0.5386996904024768;
0.5370370370370371;
0.5384615384615384;
0.5382262996941896;
0.5365853658536586;
0.5363636363636364;
0.5347432024169184;
0.536144578313253;
0.5389221556886228;
0.5402985074626866;
0.5400593471810089;
0.5384615384615384;
0.5398230088495575;
0.5395894428152492;
0.5380116959064327;
0.5406976744186046;
0.5420289855072464;
0.5404624277456648;
0.5431034482758621;
0.5444126074498568;
0.5428571428571428;
0.5454545454545454;
0.5439093484419264;
0.5464788732394367;
0.5449438202247191;
0.5434173669467787;
0.5459610027855153;
0.5472222222222223;
0.5469613259668509;
0.5482093663911846;
0.5494505494505495;
0.5519125683060109;
0.553133514986376;
0.5555555555555556;
0.5567567567567567;
0.555256064690027;
0.5549597855227882;
0.553475935828877;
0.5546666666666666;
0.5570291777188329;
0.5582010582010583;
0.5578947368421052;
0.5590551181102362;
0.5575916230366492;
0.5598958333333334;
0.5584415584415584;
0.5607235142118863;
0.5618556701030928;
0.5629820051413882;
0.5601023017902813;
0.5586734693877551;
0.5583756345177665;
0.5569620253164557;
0.5580808080808081;
0.5577889447236181;
0.5588972431077694;
0.56;
0.5621890547263682;
0.5632754342431762;
0.562962962962963;
0.5640394088669951;
0.5651105651105651;
0.5647921760391198;
0.5634146341463414;
0.5631067961165048;
0.5617433414043583;
0.5628019323671497;
0.5649038461538461;
0.5635491606714629;
0.5656324582338902;
0.5666666666666667;
0.5676959619952494;
0.5673758865248227;
0.5660377358490566;
0.5647058823529412;
0.5644028103044496;
0.5654205607476636;
0.5627906976744186;
0.5638051044083526;
0.5648148148148148;
0.5668202764976958;
0.5678160919540229;
0.5675057208237986;
0.5684931506849316;
0.5671981776765376;
0.5668934240362812;
0.5678733031674208;
0.5698198198198198;
0.5685393258426966;
0.5672645739910314;
0.5691964285714286;
0.5701559020044543;
0.5688888888888889;
0.5663716814159292;
0.565121412803532;
0.5648351648351648;
0.5657894736842105;
0.5667396061269147;
0.5664488017429193;
0.5652173913043478;
0.564935064935065;
0.5637149028077754;
0.5625;
0.5622317596566524;
0.5610278372591007;
0.5607675906183369;
0.5617021276595745;
0.5605095541401274;
0.5602536997885835;
0.5590717299578059;
0.56;
0.5618448637316562;
0.5627615062761506;
0.5645833333333333;
0.5654885654885655;
0.5663900414937759;
0.5661157024793388;
0.5670103092783505;
0.5667351129363449;
0.5655737704918032;
0.5664621676891616;
0.5661914460285132;
0.5670731707317073;
0.5668016194331984;
0.5676767676767677;
0.5685483870967742;
0.5662650602409639;
0.5651302605210421;
NaN;
1.0;
1.0;
0.8;
0.8333333333333334;
0.8571428571428571;
0.8888888888888888;
0.9;
0.8333333333333334;
0.7692307692307693;
0.7857142857142857;
0.75;
0.7647058823529411;
0.7894736842105263;
0.8;
0.8095238095238095;
0.782608695652174;
0.7916666666666666;
0.8;
0.8148148148148148;
0.7857142857142857;
0.8;
0.8064516129032258;
0.8125;
0.7941176470588235;
0.8;
0.8108108108108109;
0.7894736842105263;
0.7692307692307693;
0.7560975609756098;
0.7619047619047619;
0.75;
0.7555555555555555;
0.7608695652173914;
0.75;
0.7551020408163265;
0.76;
0.7692307692307693;
0.7735849056603774;
0.7636363636363637;
0.75;
0.7543859649122807;
0.7457627118644068;
0.7333333333333333;
0.7258064516129032;
0.7301587301587301;
0.734375;
0.7424242424242424;
0.7313432835820896;
0.7246376811594203;
0.7142857142857143;
0.7183098591549296;
0.726027397260274;
0.7297297297297297;
0.7333333333333333;
0.7272727272727273;
0.7307692307692307;
0.7375;
0.7283950617283951;
0.7317073170731707;
0.7380952380952381;
0.7294117647058823;
0.7126436781609196;
0.7159090909090909;
0.7078651685393258;
0.7032967032967034;
0.7065217391304348;
0.7021276595744681;
0.6947368421052632;
0.6979166666666666;
0.6938775510204082;
0.6868686868686869;
0.68;
0.6764705882352942;
0.6699029126213593;
0.6571428571428571;
0.660377358490566;
0.6542056074766355;
0.6605504587155964;
0.6636363636363637;
0.6696428571428571;
0.672566371681416;
0.6754385964912281;
0.6724137931034483;
0.6752136752136753;
0.6722689075630253;
0.675;
0.6776859504132231;
0.6829268292682927;
0.6774193548387096;
0.68;
0.6692913385826772;
0.6640625;
0.6615384615384615;
0.6564885496183206;
0.6515151515151515;
0.6567164179104478;
0.6518518518518519;
0.6496350364963503;
0.6521739130434783;
0.6546762589928058;
0.6595744680851063;
0.6619718309859155;
0.6597222222222222;
0.6620689655172414;
0.6575342465753424;
0.6621621621621622;
0.6644295302013423;
0.6666666666666666;
0.6578947368421053;
0.6601307189542484;
0.6645161290322581;
0.6602564102564102;
0.6624203821656051;
0.6666666666666666;
0.66875;
0.6604938271604939;
0.656441717791411;
0.6524390243902439;
0.6506024096385542;
0.6526946107784432;
0.650887573964497;
0.6529411764705882;
0.6549707602339181;
0.6589595375722543;
0.6609195402298851;
0.6571428571428571;
0.655367231638418;
0.6573033707865169;
0.65;
0.6519337016574586;
0.6538461538461539;
0.657608695652174;
0.6594594594594595;
0.6577540106951871;
0.6595744680851063;
0.6613756613756614;
0.6544502617801047;
0.65625;
0.654639175257732;
0.6564102564102564;
0.6530612244897959;
0.6565656565656566;
0.6532663316582915;
0.655;
0.6584158415841584;
0.6600985221674877;
0.6536585365853659;
0.6553398058252428;
0.6570048309178744;
0.6555023923444976;
0.6523809523809524;
0.6509433962264151;
0.647887323943662;
0.6495327102803738;
0.6481481481481481;
0.6497695852534562;
0.6529680365296804;
0.65;
0.6470588235294118;
0.6502242152466368;
0.6517857142857143;
0.6488888888888888;
0.6519823788546255;
0.6535087719298246;
0.6521739130434783;
0.6536796536796536;
0.6551724137931034;
0.6581196581196581;
0.6595744680851063;
0.6582278481012658;
0.6554621848739496;
0.6569037656903766;
0.6556016597510373;
0.6528925619834711;
0.6557377049180327;
0.6530612244897959;
0.6544715447154471;
0.6532258064516129;
0.6546184738955824;
0.652;
0.6468253968253969;
0.6442687747035574;
0.6470588235294118;
0.6484375;
0.6498054474708171;
0.6525096525096525;
0.6538461538461539;
0.6564885496183206;
0.6577946768060836;
0.6590909090909091;
0.6616541353383458;
0.6629213483146067;
0.6654275092936803;
0.662962962962963;
0.6642066420664207;
0.6666666666666666;
0.6678832116788321;
0.6654545454545454;
0.6642599277978339;
0.6654676258992805;
0.6642857142857143;
0.6654804270462633;
0.6631205673758865;
0.6584507042253521;
0.6596491228070176;
0.662020905923345;
0.6631944444444444;
0.6643598615916955;
0.6666666666666666;
0.6678082191780822;
0.6632653061224489;
0.6644067796610169;
0.6655405405405406;
0.6677852348993288;
0.6688963210702341;
0.6666666666666666;
0.6655629139072847;
0.6633663366336634;
0.6622950819672131;
0.6633986928104575;
0.6644951140065146;
0.6634304207119741;
0.6645161290322581;
0.6666666666666666;
0.6645367412140575;
0.6656050955414012;
0.6677215189873418;
0.668769716088328;
0.6677115987460815;
0.665625;
0.6666666666666666;
0.6687306501547987;
0.6697530864197531;
0.6707692307692308;
0.6666666666666666;
0.6646341463414634;
0.6636363636363637;
0.6646525679758308;
0.6656626506024096;
0.6676646706586826;
0.6686567164179105;
0.6706231454005934;
0.6715976331360947;
0.672566371681416;
0.6715542521994134;
0.6695906432748538;
0.6715116279069767;
0.6695652173913044;
0.6705202312138728;
0.6666666666666666;
0.664756446991404;
0.6628571428571428;
0.6619318181818182;
0.6628895184135978;
0.6647887323943662;
0.6629213483146067;
0.6610644257703081;
0.6601671309192201;
0.6611111111111111;
0.6629834254143646;
0.6611570247933884;
0.6620879120879121;
0.6584699453551912;
0.659400544959128;
0.6558265582655827;
0.654054054054054;
0.6522911051212938;
0.6514745308310992;
0.6524064171122995;
0.6506666666666666;
0.6472148541114059;
0.6481481481481481;
0.6473684210526316;
0.6456692913385826;
0.643979057591623;
0.6432291666666666;
0.6441558441558441;
0.6434108527131783;
0.6443298969072165;
0.6452442159383034;
0.6445012787723785;
0.6454081632653061;
0.6472081218274112;
0.6481012658227848;
0.648989898989899;
0.6482412060301508;
0.6466165413533834;
0.645;
0.6467661691542289;
0.6451612903225806;
0.6444444444444445;
0.6428571428571429;
0.6437346437346437;
0.6430317848410758;
0.6439024390243903;
0.6456310679611651;
0.6440677966101694;
0.642512077294686;
0.6418269230769231;
0.6402877697841727;
0.639618138424821;
0.6404761904761904;
0.6413301662707839;
0.6382978723404256;
0.6391509433962265;
0.6376470588235295;
0.6370023419203747;
0.6378504672897196;
0.6372093023255814;
0.6380510440835266;
0.6365740740740741;
0.6359447004608295;
0.6367816091954023;
0.6361556064073226;
0.634703196347032;
0.6355353075170843;
0.6349206349206349;
0.6357466063348416;
0.6351351351351351;
0.6337078651685393;
0.6345291479820628;
0.6361607142857143;
0.6369710467706013;
0.6377777777777778;
0.6393805309734514;
0.6379690949227373;
0.6373626373626373;
0.6381578947368421;
0.6389496717724289;
0.6405228758169934;
0.6391304347826087;
0.6406926406926406;
0.6414686825053996;
0.6422413793103449;
0.6394849785407726;
0.6381156316916489;
0.6353944562899787;
0.6340425531914894;
0.6326963906581741;
0.6342494714587738;
0.6350210970464135;
0.6336842105263157;
0.6331236897274634;
0.6317991631799164;
0.63125;
0.632016632016632;
0.6327800829875518;
0.6301652892561983;
0.6309278350515464;
0.6324435318275154;
0.6311475409836066;
0.6319018404907976;
0.6293279022403259;
0.6300813008130082;
0.6295546558704453;
0.6303030303030303;
0.6310483870967742;
0.6305220883534136;
0.6292585170340681;
NaN;
1.0;
1.0;
0.8;
0.8333333333333334;
0.8571428571428571;
0.8888888888888888;
0.9;
0.8333333333333334;
0.7692307692307693;
0.7857142857142857;
0.75;
0.7647058823529411;
0.7894736842105263;
0.8;
0.8095238095238095;
0.782608695652174;
0.7916666666666666;
0.8;
0.8148148148148148;
0.7857142857142857;
0.8;
0.8064516129032258;
0.8125;
0.7941176470588235;
0.8;
0.8108108108108109;
0.7894736842105263;
0.7692307692307693;
0.7560975609756098;
0.7619047619047619;
0.75;
0.7555555555555555;
0.7608695652173914;
0.75;
0.7551020408163265;
0.76;
0.7692307692307693;
0.7735849056603774;
0.7636363636363637;
0.75;
0.7543859649122807;
0.7457627118644068;
0.7333333333333333;
0.7258064516129032;
0.7301587301587301;
0.734375;
0.7424242424242424;
0.7313432835820896;
0.7246376811594203;
0.7142857142857143;
0.7183098591549296;
0.726027397260274;
0.7297297297297297;
0.7333333333333333;
0.7272727272727273;
0.7307692307692307;
0.7375;
0.7283950617283951;
0.7317073170731707;
0.7380952380952381;
0.7294117647058823;
0.7126436781609196;
0.7159090909090909;
0.7078651685393258;
0.7032967032967034;
0.7065217391304348;
0.7021276595744681;
0.6947368421052632;
0.6979166666666666;
0.6938775510204082;
0.6868686868686869;
0.68;
0.6764705882352942;
0.6699029126213593;
0.6571428571428571;
0.660377358490566;
0.6542056074766355;
0.6605504587155964;
0.6636363636363637;
0.6696428571428571;
0.672566371681416;
0.6754385964912281;
0.6724137931034483;
0.6752136752136753;
0.6722689075630253;
0.675;
0.6776859504132231;
0.6829268292682927;
0.6774193548387096;
0.68;
0.6692913385826772;
0.6640625;
0.6615384615384615;
0.6564885496183206;
0.6515151515151515;
0.6567164179104478;
0.6518518518518519;
0.6496350364963503;
0.6521739130434783;
0.6546762589928058;
0.6595744680851063;
0.6619718309859155;
0.6597222222222222;
0.6620689655172414;
0.6575342465753424;
0.6621621621621622;
0.6644295302013423;
0.6666666666666666;
0.6578947368421053;
0.6601307189542484;
0.6645161290322581;
0.6602564102564102;
0.6624203821656051;
0.6666666666666666;
0.66875;
0.6604938271604939;
0.656441717791411;
0.6524390243902439;
0.6506024096385542;
0.6526946107784432;
0.650887573964497;
0.6529411764705882;
0.6549707602339181;
0.6589595375722543;
0.6609195402298851;
0.6571428571428571;
0.655367231638418;
0.6573033707865169;
0.65;
0.6519337016574586;
0.6538461538461539;
0.657608695652174;
0.6594594594594595;
0.6577540106951871;
0.6595744680851063;
0.6613756613756614;
0.6544502617801047;
0.65625;
0.654639175257732;
0.6564102564102564;
0.6530612244897959;
0.6565656565656566;
0.6532663316582915;
0.655;
0.6584158415841584;
0.6600985221674877;
0.6536585365853659;
0.6553398058252428;
0.6570048309178744;
0.6555023923444976;
0.6523809523809524;
0.6509433962264151;
0.647887323943662;
0.6495327102803738;
0.6481481481481481;
0.6497695852534562;
0.6529680365296804;
0.65;
0.6470588235294118;
0.6502242152466368;
0.6517857142857143;
0.6488888888888888;
0.6519823788546255;
0.6535087719298246;
0.6521739130434783;
0.6536796536796536;
0.6551724137931034;
0.6581196581196581;
0.6595744680851063;
0.6582278481012658;
0.6554621848739496;
0.6569037656903766;
0.6556016597510373;
0.6528925619834711;
0.6557377049180327;
0.6530612244897959;
0.6544715447154471;
0.6532258064516129;
0.6546184738955824;
0.652;
0.6468253968253969;
0.6442687747035574;
0.6470588235294118;
0.6484375;
0.6498054474708171;
0.6525096525096525;
0.6538461538461539;
0.6564885496183206;
0.6577946768060836;
0.6590909090909091;
0.6616541353383458;
0.6629213483146067;
0.6654275092936803;
0.662962962962963;
0.6642066420664207;
0.6666666666666666;
0.6678832116788321;
0.6654545454545454;
0.6642599277978339;
0.6654676258992805;
0.6642857142857143;
0.6654804270462633;
0.6631205673758865;
0.6584507042253521;
0.6596491228070176;
0.662020905923345;
0.6631944444444444;
0.6643598615916955;
0.6666666666666666;
0.6678082191780822;
0.6632653061224489;
0.6644067796610169;
0.6655405405405406;
0.6677852348993288;
0.6688963210702341;
0.6666666666666666;
0.6655629139072847;
0.6633663366336634;
0.6622950819672131;
0.6633986928104575;
0.6644951140065146;
0.6634304207119741;
0.6645161290322581;
0.6666666666666666;
0.6645367412140575;
0.6656050955414012;
0.6677215189873418;
0.668769716088328;
0.6677115987460815;
0.665625;
0.6666666666666666;
0.6687306501547987;
0.6697530864197531;
0.6707692307692308;
0.6666666666666666;
0.6646341463414634;
0.6636363636363637;
0.6646525679758308;
0.6656626506024096;
0.6676646706586826;
0.6686567164179105;
0.6706231454005934;
0.6715976331360947;
0.672566371681416;
0.6715542521994134;
0.6695906432748538;
0.6715116279069767;
0.6695652173913044;
0.6705202312138728;
0.6666666666666666;
0.664756446991404;
0.6628571428571428;
0.6619318181818182;
0.6628895184135978;
0.6647887323943662;
0.6629213483146067;
0.6610644257703081;
0.6601671309192201;
0.6611111111111111;
0.6629834254143646;
0.6611570247933884;
0.6620879120879121;
0.6584699453551912;
0.659400544959128;
0.6558265582655827;
0.654054054054054;
0.6522911051212938;
0.6514745308310992;
0.6524064171122995;
0.6506666666666666;
0.6472148541114059;
0.6481481481481481;
0.6473684210526316;
0.6456692913385826;
0.643979057591623;
0.6432291666666666;
0.6441558441558441;
0.6434108527131783;
0.6443298969072165;
0.6452442159383034;
0.6445012787723785;
0.6454081632653061;
0.6472081218274112;
0.6481012658227848;
0.648989898989899;
0.6482412060301508;
0.6466165413533834;
0.645;
0.6467661691542289;
0.6451612903225806;
0.6444444444444445;
0.6428571428571429;
0.6437346437346437;
0.6430317848410758;
0.6439024390243903;
0.6456310679611651;
0.6440677966101694;
0.642512077294686;
0.6418269230769231;
0.6402877697841727;
0.639618138424821;
0.6404761904761904;
0.6413301662707839;
0.6382978723404256;
0.6391509433962265;
0.6376470588235295;
0.6370023419203747;
0.6378504672897196;
0.6372093023255814;
0.6380510440835266;
0.6365740740740741;
0.6359447004608295;
0.6367816091954023;
0.6361556064073226;
0.634703196347032;
0.6355353075170843;
0.6349206349206349;
0.6357466063348416;
0.6351351351351351;
0.6337078651685393;
0.6345291479820628;
0.6361607142857143;
0.6369710467706013;
0.6377777777777778;
0.6393805309734514;
0.6379690949227373;
0.6373626373626373;
0.6381578947368421;
0.6389496717724289;
0.6405228758169934;
0.6391304347826087;
0.6406926406926406;
0.6414686825053996;
0.6422413793103449;
0.6394849785407726;
0.6381156316916489;
0.6353944562899787;
0.6340425531914894;
0.6326963906581741;
0.6342494714587738;
0.6350210970464135;
0.6336842105263157;
0.6331236897274634;
0.6317991631799164;
0.63125;
0.632016632016632;
0.6327800829875518;
0.6301652892561983;
0.6309278350515464;
0.6324435318275154;
0.6311475409836066;
0.6319018404907976;
0.6293279022403259;
0.6300813008130082;
0.6295546558704453;
0.6303030303030303;
0.6310483870967742;
0.6305220883534136;
0.6292585170340681;
