NaN;
1792,5925925925926;
1782,142857142857;
1792,5925925925926;
1816,3636363636363;
1817,7777777777778;
1811,25;
1810,5820105820105;
1800,0;
1809,6774193548388;
1806,5693430656934;
1807,8431372549019;
1800,0;
1803,2608695652175;
1802,5125628140704;
1801,4184397163122;
1802,227171492205;
1806,2893081761006;
1807,072691552063;
1807,4906367041199;
1809,5070422535211;
1810,958904109589;
1814,4927536231885;
1816,2576687116564;
1816,1764705882354;
1814,0646976090013;
1814,5945945945946;
1814,0625;
1811,514392991239;
1811,0179640718563;
1809,5459837019791;
1810,1010101010102;
1811,0151187904967;
1810,844629822732;
1810,7287449392713;
1810,4330708661416;
