NaN;
1400,0;
1400,0;
1400,0;
1400,0;
1400,0;
1411,764705882353;
1420,0;
1426,0869565217392;
1432,0;
1442,857142857143;
1438,7096774193549;
1447,0588235294117;
1454,054054054054;
1451,2820512820513;
1453,658536585366;
1450,0;
1446,8085106382978;
1444,8979591836735;
1446,1538461538462;
1443,6363636363637;
1441,3793103448277;
1442,622950819672;
1441,2698412698412;
1439,3939393939395;
1437,6811594202898;
1436,111111111111;
1435,1351351351352;
1433,7662337662337;
1432,9113924050632;
1431,7073170731708;
1430,5882352941176;
1429,8850574712644;
1428,888888888889;
1427,9569892473119;
1429,1666666666667;
NaN;
1400,0;
1400,0;
1400,0;
1400,0;
1400,0;
1411,764705882353;
1420,0;
1426,0869565217392;
1432,0;
1442,857142857143;
1438,7096774193549;
1447,0588235294117;
1454,054054054054;
1451,2820512820513;
1453,658536585366;
1450,0;
1446,8085106382978;
1444,8979591836735;
1446,1538461538462;
1443,6363636363637;
1441,3793103448277;
1442,622950819672;
1441,2698412698412;
1439,3939393939395;
1437,6811594202898;
1436,111111111111;
1435,1351351351352;
1433,7662337662337;
1432,9113924050632;
1431,7073170731708;
1430,5882352941176;
1429,8850574712644;
1428,888888888889;
1427,9569892473119;
1429,1666666666667;
