NaN;
1636,3636363636363;
1628,5714285714287;
1650,0;
1679,245283018868;
1661,764705882353;
1670,0;
1667,4157303370787;
1669,2307692307693;
1668,9655172413793;
1665,648854961832;
1670,8333333333333;
1673,076923076923;
1674,0740740740741;
1672,7272727272727;
1677,8947368421052;
1681,5533980582525;
1678,538812785388;
1679,4871794871794;
1676,734693877551;
1679,6934865900382;
1681,6176470588234;
1676,027397260274;
1679,8679867986798;
1681,904761904762;
1678,8990825688074;
1682,8985507246377;
1684,5070422535211;
1683,3787465940054;
1683,6842105263158;
1684,4783715012722;
1681,7518248175184;
1679,7169811320755;
1679,2710706150342;
1679,5555555555557;
1679,1304347826087;
NaN;
1636,3636363636363;
1628,5714285714287;
1650,0;
1679,245283018868;
1661,764705882353;
1670,0;
1667,4157303370787;
1669,2307692307693;
1668,9655172413793;
1665,648854961832;
1670,8333333333333;
1673,076923076923;
1674,0740740740741;
1672,7272727272727;
1677,8947368421052;
1681,5533980582525;
1678,538812785388;
1679,4871794871794;
1676,734693877551;
1679,6934865900382;
1681,6176470588234;
1676,027397260274;
1679,8679867986798;
1681,904761904762;
1678,8990825688074;
1682,8985507246377;
1684,5070422535211;
1683,3787465940054;
1683,6842105263158;
1684,4783715012722;
1681,7518248175184;
1679,7169811320755;
1679,2710706150342;
1679,5555555555557;
1679,1304347826087;
