NaN;
1788,888888888889;
1810,5263157894738;
1813,7931034482758;
1807,4074074074074;
1815,2380952380952;
1798,4251968503936;
1813,157894736842;
1802,3391812865498;
1788,421052631579;
1792,2330097087379;
1791,2663755458516;
1790,0826446280992;
1782,509505703422;
1781,3148788927335;
1781,9354838709678;
1781,1550151975684;
1781,9718309859154;
1786,5284974093265;
1786,5060240963855;
1785,1508120649653;
1789,9122807017543;
1789,517819706499;
1785,8012170385396;
1785,8546168958742;
1787,9924953095685;
1789,8366606170598;
1786,9488536155202;
1787,457627118644;
1788,4678747940693;
1789,825119236884;
1789,1640866873065;
1789,5209580838323;
1787,9411764705883;
1787,8962536023055;
1788,218793828892;
