NaN;
1400,0;
1400,0;
1400,0;
1400,0;
1400,0;
1411,764705882353;
1420,0;
1426,0869565217392;
1432,0;
1442,857142857143;
1438,7096774193549;
1447,0588235294117;
1454,054054054054;
1451,2820512820513;
1453,658536585366;
1450,0;
1446,8085106382978;
1444,8979591836735;
1446,1538461538462;
1443,6363636363637;
1441,3793103448277;
1442,622950819672;
1441,2698412698412;
1439,3939393939395;
1437,6811594202898;
1436,111111111111;
1435,1351351351352;
1433,7662337662337;
1432,9113924050632;
1431,7073170731708;
1430,5882352941176;
1429,8850574712644;
1428,888888888889;
1427,9569892473119;
1429,1666666666667;
NaN;
1400,0;
1400,0;
1400,0;
1400,0;
1400,0;
1411,764705882353;
1420,0;
1426,0869565217392;
1432,0;
1442,857142857143;
1438,7096774193549;
1447,0588235294117;
1454,054054054054;
1451,2820512820513;
1453,658536585366;
1450,0;
1446,8085106382978;
1444,8979591836735;
1446,1538461538462;
1443,6363636363637;
1441,3793103448277;
1442,622950819672;
1441,2698412698412;
1439,3939393939395;
1437,6811594202898;
1436,111111111111;
1435,1351351351352;
1433,7662337662337;
1432,9113924050632;
1431,7073170731708;
1430,5882352941176;
1429,8850574712644;
1428,888888888889;
1427,9569892473119;
1429,1666666666667;
NaN;
1628,5714285714287;
1613,3333333333333;
1600,0;
1575,0;
1590,6976744186047;
1588,4615384615386;
1592,982456140351;
1582,608695652174;
1594,871794871795;
1595,4022988505747;
1591,4893617021276;
1598,0582524271845;
1594,642857142857;
1591,3793103448277;
1591,9354838709678;
1587,878787878788;
1592,9078014184397;
1594,6666666666667;
1587,5776397515529;
1590,5325443786983;
1591,0112359550562;
1589,247311827957;
1588,421052631579;
1588,8324873096446;
1587,2549019607843;
1588,6255924170616;
1584,4036697247707;
1582,532751091703;
1582,2033898305085;
1586,008230452675;
1581,0276679841897;
1581,679389312977;
1582,2878228782288;
1581,9494584837546;
1583,0985915492959;
NaN;
1636,3636363636363;
1628,5714285714287;
1650,0;
1679,245283018868;
1661,764705882353;
1670,0;
1667,4157303370787;
1669,2307692307693;
1668,9655172413793;
1665,648854961832;
1670,8333333333333;
1673,076923076923;
1674,0740740740741;
1672,7272727272727;
1677,8947368421052;
1681,5533980582525;
1678,538812785388;
1679,4871794871794;
1676,734693877551;
1679,6934865900382;
1681,6176470588234;
1676,027397260274;
1679,8679867986798;
1681,904761904762;
1678,8990825688074;
1682,8985507246377;
1684,5070422535211;
1683,3787465940054;
1683,6842105263158;
1684,4783715012722;
1681,7518248175184;
1679,7169811320755;
1679,2710706150342;
1679,5555555555557;
1679,1304347826087;
NaN;
1788,888888888889;
1810,5263157894738;
1813,7931034482758;
1807,4074074074074;
1815,2380952380952;
1798,4251968503936;
1813,157894736842;
1802,3391812865498;
1788,421052631579;
1792,2330097087379;
1791,2663755458516;
1790,0826446280992;
1782,509505703422;
1781,3148788927335;
1781,9354838709678;
1781,1550151975684;
1781,9718309859154;
1786,5284974093265;
1786,5060240963855;
1785,1508120649653;
1789,9122807017543;
1789,517819706499;
1785,8012170385396;
1785,8546168958742;
1787,9924953095685;
1789,8366606170598;
1786,9488536155202;
1787,457627118644;
1788,4678747940693;
1789,825119236884;
1789,1640866873065;
1789,5209580838323;
1787,9411764705883;
1787,8962536023055;
1788,218793828892;
NaN;
1580,0;
1621,0526315789473;
1600,0;
1615,0;
1618,1818181818182;
1610,909090909091;
1606,3492063492063;
1614,2857142857142;
1612,1951219512196;
1621,978021978022;
1614,0;
1605,5555555555557;
1601,7094017094016;
1596,875;
1602,9850746268658;
1608,63309352518;
1605,5944055944055;
1606,578947368421;
1612,5;
1611,9760479041915;
1613,5593220338983;
1617,0212765957447;
1625,2525252525252;
1626,2135922330096;
1628,8372093023256;
1631,111111111111;
1631,1688311688313;
1632,7731092436975;
1631,578947368421;
1633,59375;
1635,3383458646617;
1637,037037037037;
1640,1433691756272;
1639,7212543554008;
1640,4109589041095;
NaN;
1707,6923076923076;
1651,851851851852;
1654,054054054054;
1671,698113207547;
1670,0;
1688,5714285714287;
1679,0123456790122;
1687,9120879120878;
1686,2745098039215;
1685,1851851851852;
1691,3793103448277;
1685,496183206107;
1687,9432624113474;
1689,032258064516;
1692,5925925925926;
1696,4705882352941;
1692,2222222222222;
1692,7083333333333;
1703,883495145631;
1705,069124423963;
1705,2173913043478;
1713,2231404958677;
1722,3529411764705;
1717,4721189591078;
1716,7259786476868;
1718,7919463087248;
1716,774193548387;
1721,1180124223602;
1718,562874251497;
1720,8092485549132;
1723,0337078651685;
1722,911051212938;
1723,0366492146597;
1722,0253164556962;
1722,7383863080684;
NaN;
1715,7894736842106;
1743,5897435897436;
1791,1764705882354;
1793,4065934065934;
1793,3333333333333;
1792,8057553956835;
1790,4191616766468;
1807,3684210526317;
1807,729468599034;
1813,8528138528138;
1808,906882591093;
1813,6363636363637;
1811,0344827586207;
1812,3376623376623;
1823,2415902140672;
1820,5714285714287;
1826,809651474531;
1824,5524296675192;
1825,3658536585365;
1828,30626450116;
1832,5991189427314;
1834,9680170575693;
1834,156378600823;
1832,079207920792;
1835,8778625954199;
1836,996336996337;
1838,2300884955753;
1841,0344827586207;
1846,3087248322147;
1845,8536585365853;
1848,8188976377953;
1850,0;
1850,96870342772;
1853,83502170767;
1855,571227080395;
NaN;
1805,7142857142858;
1812,3076923076924;
1815,0537634408602;
1831,1475409836066;
1834,5323741007194;
1827,0588235294117;
1828,140703517588;
1832,7433628318583;
1833,8709677419354;
1836,8794326241134;
1832,716049382716;
1837,883008356546;
1838,974358974359;
1842,130750605327;
1845,4128440366972;
1844,206008583691;
1842,3387096774193;
1845,981308411215;
1848,495575221239;
1850,761421319797;
1851,685393258427;
1856,9206842923795;
1857,142857142857;
1855,4426705370101;
1857,5799721835883;
1858,14266487214;
1858,6251621271076;
1860,0997506234414;
1861,1850060459492;
1864,7127784290738;
1866,1399548532731;
1866,1555312157723;
1867,4443266171793;
1868,3991683991685;
1871,013039117352;
NaN;
1805,7142857142858;
1812,3076923076924;
1815,0537634408602;
1831,1475409836066;
1834,5323741007194;
1827,0588235294117;
1828,140703517588;
1832,7433628318583;
1833,8709677419354;
1836,8794326241134;
1832,716049382716;
1837,883008356546;
1838,974358974359;
1842,130750605327;
1845,4128440366972;
1844,206008583691;
1842,3387096774193;
1845,981308411215;
1848,495575221239;
1850,761421319797;
1851,685393258427;
1856,9206842923795;
1857,142857142857;
1855,4426705370101;
1857,5799721835883;
1858,14266487214;
1858,6251621271076;
1860,0997506234414;
1861,1850060459492;
1864,7127784290738;
1866,1399548532731;
1866,1555312157723;
1867,4443266171793;
1868,3991683991685;
1871,013039117352;
NaN;
NaN;
NaN;
1400,0;
1400,0;
1444,4444444444443;
1450,0;
1457,142857142857;
1470,5882352941176;
1510,0;
1504,3478260869565;
1496,0;
1500,0;
1496,774193548387;
1494,1176470588234;
1491,8918918918919;
1487,179487179487;
1480,952380952381;
1475,5555555555557;
1475,0;
1476,0;
1471,698113207547;
1467,857142857143;
1464,406779661017;
1464,516129032258;
1465,625;
1465,6716417910447;
1465,7142857142858;
1468,4931506849316;
1466,6666666666667;
1466,6666666666667;
1466,6666666666667;
1466,6666666666667;
1467,4418604651162;
1465,909090909091;
1463,7362637362637;
1465,9574468085107;
1461,8556701030927;
NaN;
NaN;
NaN;
NaN;
1400,0;
1400,0;
1444,4444444444443;
1450,0;
1457,142857142857;
1470,5882352941176;
1500,0;
1495,6521739130435;
1488,0;
1492,857142857143;
1490,3225806451612;
1488,235294117647;
1486,4864864864865;
1482,051282051282;
1476,1904761904761;
1471,111111111111;
1470,8333333333333;
1472,0;
1467,9245283018868;
1464,2857142857142;
1461,0169491525423;
1461,2903225806451;
1462,5;
1462,686567164179;
1462,857142857143;
1465,7534246575342;
1464,0;
1464,1025641025642;
1464,1975308641975;
1464,2857142857142;
1465,1162790697674;
1463,6363636363637;
1461,5384615384614;
1463,8297872340424;
1455,6701030927834;
NaN;
1884,4444444444443;
1896,551724137931;
1875,0;
1878,313253012048;
1878,6729857819905;
1879,3650793650793;
1883,0564784053156;
1876,3532763532764;
1876,0925449871465;
1881,0185185185185;
1875,583864118896;
1873,7451737451738;
1872,7927927927929;
1873,0897009966777;
1869,9844479004666;
1871,8703976435936;
1874,75317348378;
1875,6097560975609;
1879,225806451613;
1878,6600496277915;
1877,310924369748;
1876,851851851852;
1876,0845383759734;
1877,991452991453;
1880,4123711340205;
1884,6;
1886,2632084534102;
1885,3974121996303;
1892,2390722569135;
1894,209161624892;
1893,8706968933668;
1894,959349593496;
1894,015748031496;
1895,7854406130268;
1897,6011994003;
NaN;
1879,6992481203008;
1883,955223880597;
1891,5632754342432;
1896,3653308480896;
1903,8863976083708;
1906,9738480697386;
1909,6051227321238;
1908,3605791686127;
1910,5285060341241;
1910,670160988394;
1913,4877384196186;
1915,6415860131126;
1919,090123812266;
1922,8915662650602;
1925,9925093632958;
1926,1113710809545;
1925,6387665198238;
1926,712471372059;
1927,67804300651;
1928,244561140285;
1929,2626316729156;
1930,9592775600613;
1931,877444589309;
1933,125097610495;
1934,9032548372581;
1935,717375630858;
1936,0100027785495;
1938,2656480364562;
1938,208646129951;
1938,6830245368053;
1940,0242424242424;
1939,5561817541388;
1940,6107566089333;
1941,832669322709;
1943,2871116844028;
NaN;
1400,0;
1400,0;
1400,0;
1400,0;
1400,0;
1400,0;
1410,0;
1408,695652173913;
1416,0;
1428,5714285714287;
1425,8064516129032;
1423,5294117647059;
1427,027027027027;
1425,6410256410256;
1423,8095238095239;
1422,2222222222222;
1425,0;
1424,0;
1422,6415094339623;
1425,0;
1424,1379310344828;
1422,950819672131;
1425,3968253968253;
1424,2424242424242;
1423,1884057971015;
1425,0;
1424,3243243243244;
1423,3766233766235;
1422,5;
1421,686746987952;
1420,9302325581396;
1420,4545454545455;
1419,7802197802198;
1421,276595744681;
1422,680412371134;
NaN;
1514,2857142857142;
1542,857142857143;
1552,3809523809523;
1525,0;
1528,5714285714287;
1526,1904761904761;
1531,958762886598;
1529,7297297297298;
1531,2;
1535,2517985611512;
1533,3333333333333;
1540,1197604790418;
1539,2265193370165;
1540,5128205128206;
1539,7129186602872;
1540,5405405405406;
1538,135593220339;
1534,136546184739;
1533,0798479087453;
1530,6859205776173;
1534,7079037800688;
1533,7704918032787;
1532,2884012539184;
1530,3303303303303;
1531,9884726224784;
1532,2222222222222;
1530,48128342246;
1531,958762886598;
1532,3383084577115;
1532,5301204819277;
1531,4685314685314;
1530,474040632054;
1530,8533916849015;
1530,6382978723404;
1529,7520661157025;
NaN;
1628,5714285714287;
1617,857142857143;
1602,4096385542168;
1605,4054054054054;
1600,0;
1589,2215568862275;
1596,923076923077;
1598,1981981981983;
1596,8;
1593,525179856115;
1594,1176470588234;
1598,1981981981983;
1597,7839335180056;
1596,4010282776349;
1596,642685851319;
1595,9550561797753;
1594,915254237288;
1592,8;
1591,6666666666667;
1590,2877697841727;
1589,6907216494844;
1589,1803278688524;
1588,7147335423197;
1587,0870870870872;
1584,7041847041846;
1585,2981969486823;
1583,7116154873165;
1587,129987129987;
1588,0745341614906;
1588,2211538461538;
1586,5116279069769;
1585,5855855855855;
1587,9912663755458;
1587,4867444326617;
1588,259526261586;
NaN;
1843,076923076923;
1826,4150943396226;
1824,5;
1826,2172284644196;
1823,4769687964338;
1818,4956843403206;
1814,2099681866384;
1812,4419684308264;
1808,0658436213992;
1807,533234859675;
1808,7306917394224;
1810,8108108108108;
1812,7056154282473;
1812,882787750792;
1813,9970428782651;
1812,6617375231053;
1812,4347826086957;
1809,7661058678702;
1809,560823940925;
1808,3456425406205;
1807,170474516696;
1805,769875880577;
1805,131494547787;
1805,4070660522273;
1806,373561522573;
1807,1489361702127;
1807,3750341436767;
1807,6923076923076;
1807,3263800559655;
1808,3128381701918;
1808,6149452641598;
1808,9923910537238;
1808,6276262852034;
1808,8050314465409;
1808,2964834702043;
NaN;
1876,045627376426;
1871,2380952380952;
1884,517766497462;
1888,3632923368023;
1890,7715582450833;
1893,3920704845816;
1895,1917882225823;
1894,4444444444443;
1894,6884148891677;
1892,336589030804;
1892,0081967213114;
1891,307066916823;
1891,0925338714326;
1891,1378848728245;
1891,9310517112167;
1892,152728976341;
1892,4669603524228;
1892,2852983988355;
1891,5434654050857;
1891,5450804339694;
1891,9188323246708;
1891,152997113262;
1891,2012987012988;
1891,0703173615432;
1890,7977293098297;
1890,7940161104718;
1890,4781704781706;
1890,9552438209753;
1891,0755738973432;
1891,0631933192074;
1891,2466843501327;
1891,2297092140604;
1890,748499603669;
1890,5693559023962;
1890,4899135446685;
NaN;
2035,408560311284;
2029,893924783028;
2030,1862556197816;
2022,2969726093224;
2017,0441458733205;
2013,2564841498559;
2017,102007148749;
2016,8831168831168;
2016,1214453709642;
2017,1318575553416;
2015,6588605382733;
2013,7223469060596;
2013,6491487786825;
2013,37544630596;
2012,1863799283153;
2012,1590772557972;
2011,6955095577423;
2011,6477879888864;
2012,2138950779827;
2011,434071222329;
2011,133492034426;
2010,418669696705;
2009,6806554087946;
2008,9387264717661;
2008,239815526518;
2007,6400177331166;
2007,007320019899;
2006,3794759226232;
2005,8418333554114;
2005,6714889258737;
2004,8061439365788;
2004,2366778684589;
2003,676556137289;
2002,245922916314;
2001,5349194167306;
NaN;
1000,0;
1000,0;
1000,0;
900,0;
900,0;
900,0;
900,0;
866,6666666666666;
866,6666666666666;
866,6666666666666;
866,6666666666666;
866,6666666666666;
866,6666666666666;
866,6666666666666;
850,0;
850,0;
850,0;
850,0;
920,0;
920,0;
920,0;
866,6666666666666;
866,6666666666666;
866,6666666666666;
866,6666666666666;
828,5714285714286;
828,5714285714286;
828,5714285714286;
800,0;
800,0;
800,0;
800,0;
822,2222222222222;
822,2222222222222;
822,2222222222222;
NaN;
1400,0;
1433,3333333333333;
1444,4444444444443;
1450,0;
1442,857142857143;
1450,0;
1442,1052631578948;
1445,4545454545455;
1441,6666666666667;
1437,037037037037;
1440,0;
1437,5;
1440,0;
1437,837837837838;
1435,0;
1428,5714285714287;
1426,6666666666667;
1425,531914893617;
1432,0;
1430,188679245283;
1432,142857142857;
1430,5084745762713;
1429,5081967213114;
1428,125;
1430,3030303030303;
1431,8840579710145;
1430,9859154929577;
1437,837837837838;
1436,3636363636363;
1435,0;
1438,55421686747;
1430,5882352941176;
1434,090909090909;
1428,5714285714287;
1429,787234042553;
NaN;
1500,0;
1514,2857142857142;
1519,047619047619;
1525,0;
1514,2857142857142;
1523,8095238095239;
1528,5714285714287;
1526,126126126126;
1526,4;
1523,7410071942445;
1531,578947368421;
1536,144578313253;
1542,2222222222222;
1548,1865284974094;
1548,792270531401;
1550,0;
1548,2758620689656;
1547,1544715447155;
1545,3846153846155;
1554,5787545787546;
1555,4006968641115;
1556,810631229236;
1560,0;
1559,2705167173253;
1558,600583090379;
1557,7464788732395;
1557,7235772357724;
1556,6579634464752;
1556,060606060606;
1560,0;
1558,9622641509434;
1562,929061784897;
1564,9667405764967;
1566,3066954643627;
1568,842105263158;
NaN;
1571,4285714285713;
1642,857142857143;
1648,1927710843374;
1636,3636363636363;
1628,9855072463768;
1625,301204819277;
1621,761658031088;
1628,1818181818182;
1629,8387096774193;
1628,2608695652175;
1634,3234323432343;
1633,3333333333333;
1633,6134453781513;
1632,2916666666667;
1634,0632603406325;
1636,986301369863;
1643,7768240343348;
1645,3441295546559;
1647,1264367816093;
1649,6350364963503;
1648,3478260869565;
1648,424543946932;
1644,7619047619048;
1641,6413373860182;
1638,8321167883212;
1638,4831460674156;
1642,4324324324325;
1643,4895833333333;
1643,7185929648242;
1642,0924574209246;
1642,8739693757361;
1641,552511415525;
1641,638981173865;
1640,7766990291261;
1641,0901467505241;
NaN;
1571,4285714285713;
1642,857142857143;
1648,1927710843374;
1636,3636363636363;
1628,9855072463768;
1625,301204819277;
1621,761658031088;
1628,1818181818182;
1629,8387096774193;
1628,2608695652175;
1634,3234323432343;
1633,3333333333333;
1633,6134453781513;
1632,2916666666667;
1634,0632603406325;
1636,986301369863;
1643,7768240343348;
1645,3441295546559;
1647,1264367816093;
1649,6350364963503;
1648,3478260869565;
1648,424543946932;
1644,7619047619048;
1641,6413373860182;
1638,8321167883212;
1638,4831460674156;
1642,4324324324325;
1643,4895833333333;
1643,7185929648242;
1642,0924574209246;
1642,8739693757361;
1641,552511415525;
1641,638981173865;
1640,7766990291261;
1641,0901467505241;
NaN;
1818,1818181818182;
1800,0;
1817,8660049627792;
1822,509225092251;
1817,6991150442477;
1819,9017199017198;
1815,9831756046267;
1821,3627992633517;
1822,0949263502455;
1825,4786450662739;
1826,2382864792503;
1828,974831184776;
1830,969937606353;
1831,2961011591149;
1833,2513526807672;
1837,1599815583218;
1838,1573229030855;
1839,2446633825944;
1841,213063763608;
1842,4870466321242;
1841,607898448519;
1841,1051212938005;
1841,9593941347084;
1842,300556586271;
1843,7109723461194;
1845,0285714285715;
1844,4383259911895;
1845,210931281507;
1845,673323092678;
1847,5624845335312;
1847,2474868358065;
1848,0630944096497;
1848,7739032620923;
1850,0545970735968;
1850,8273228680525;
NaN;
1879,6992481203008;
1883,955223880597;
1891,5632754342432;
1896,3653308480896;
1903,8863976083708;
1906,9738480697386;
1909,6051227321238;
1908,3605791686127;
1910,5285060341241;
1910,670160988394;
1913,4877384196186;
1915,6415860131126;
1919,090123812266;
1922,8915662650602;
1925,9925093632958;
1926,1113710809545;
1925,6387665198238;
1926,712471372059;
1927,67804300651;
1928,244561140285;
1929,2626316729156;
1930,9592775600613;
1931,877444589309;
1933,125097610495;
1934,9032548372581;
1935,717375630858;
1936,0100027785495;
1938,2656480364562;
1938,208646129951;
1938,6830245368053;
1940,0242424242424;
1939,5561817541388;
1940,6107566089333;
1941,832669322709;
1943,2871116844028;
NaN;
1986,2857142857142;
1999,6142719382835;
2002,8150991682662;
2010,8497359577532;
2016,8332052267488;
2021,455938697318;
2026,448087431694;
2027,0141047095385;
2028,3651804670912;
2027,82874617737;
2028,5415577626763;
2030,25075866475;
2030,4238664894403;
2031,6179497735693;
2032,735655737705;
2035,8173076923076;
2034,657611771364;
2035,1923076923076;
2035,2226720647773;
2035,6469909632763;
2037,8868339132027;
2040,1608532214354;
2040,7199665131855;
2041,653290529695;
2042,8340143396808;
2044,0080041503002;
2045,0392576730906;
2045,907056798623;
2047,202820461651;
2048,8360128617364;
2049,6916848333854;
2050,362056480811;
2051,4750643877314;
2052,7804600965633;
2054,0254003313084;
