NaN;
1500,0;
1550,0;
1541,6666666666667;
1557,5757575757575;
1563,6363636363637;
1562,962962962963;
1561,904761904762;
1580,0;
1570,0;
1566,2921348314608;
1566,3157894736842;
1567,6190476190477;
1566,3716814159293;
1567,479674796748;
1577,6119402985075;
1575,886524822695;
1571,4285714285713;
1570,8609271523178;
1574,8427672955975;
1576,0479041916167;
1576,1363636363637;
1571,1229946524063;
1575,5102040816328;
1574,129353233831;
1573,2057416267942;
1574,1935483870968;
1580,5309734513273;
1579,5744680851064;
1579,3388429752067;
1581,6733067729083;
1581,7490494296578;
1584,4444444444443;
1583,453237410072;
1581,8181818181818;
1580,2047781569966;
