NaN;
1.933484224884917E37;
1.92739552801311E37;
2.0117604665236164E37;
2.028461694833846E37;
2.0340136230027013E37;
2.0507868265048672E37;
2.0727946577776258E37;
2.068943084200739E37;
2.055725901659008E37;
2.0761071682396773E37;
2.080096770700456E37;
2.0806710019813457E37;
2.0889851494715423E37;
2.0944963538754748E37;
2.1006182606038738E37;
2.098979279264877E37;
2.0981895509710565E37;
2.0932335849541224E37;
2.0936331280360533E37;
2.1012989172173618E37;
2.1099318047850651E37;
2.1091669316363402E37;
2.1181473021150336E37;
2.1207152027009774E37;
2.125854445798425E37;
2.124238848261611E37;
2.1282615795154867E37;
2.129382615455817E37;
2.133436580382543E37;
2.1416933673743756E37;
2.138268855238195E37;
2.137391958393587E37;
2.1387960709970974E37;
2.1385116063899056E37;
2.1434510764407237E37;
0, NaN;
100000, 1.933484224884917E37;
200000, 1.92739552801311E37;
300000, 2.0117604665236164E37;
400000, 2.028461694833846E37;
500000, 2.0340136230027013E37;
600000, 2.0507868265048672E37;
700000, 2.0727946577776258E37;
800000, 2.068943084200739E37;
900000, 2.055725901659008E37;
1000000, 2.0761071682396773E37;
1100000, 2.080096770700456E37;
1200000, 2.0806710019813457E37;
1300000, 2.0889851494715423E37;
1400000, 2.0944963538754748E37;
1500000, 2.1006182606038738E37;
1600000, 2.098979279264877E37;
1700000, 2.0981895509710565E37;
1800000, 2.0932335849541224E37;
1900000, 2.0936331280360533E37;
2000000, 2.1012989172173618E37;
2100000, 2.1099318047850651E37;
2200000, 2.1091669316363402E37;
2300000, 2.1181473021150336E37;
2400000, 2.1207152027009774E37;
2500000, 2.125854445798425E37;
2600000, 2.124238848261611E37;
2700000, 2.1282615795154867E37;
2800000, 2.129382615455817E37;
2900000, 2.133436580382543E37;
3000000, 2.1416933673743756E37;
3100000, 2.138268855238195E37;
3200000, 2.137391958393587E37;
3300000, 2.1387960709970974E37;
3400000, 2.1385116063899056E37;
3500000, 2.1434510764407237E37;
