0, NaN;
100000, 5.375748829634505E37;
200000, 4.493212375837364E37;
300000, 4.1885263460965425E37;
400000, 4.1513760515308886E37;
500000, 4.256796428516102E37;
600000, 4.513976269323762E37;
700000, 4.625253906841995E37;
800000, 4.76414897704056E37;
900000, 4.91327678394542E37;
1000000, 4.863590450039751E37;
1100000, 4.833779482488948E37;
1200000, 4.896833019440564E37;
1300000, 4.870116903990091E37;
1400000, 4.826383393731439E37;
1500000, 4.817081592129671E37;
1600000, 4.935695354930979E37;
1700000, 4.921311825744122E37;
1800000, 4.945782765516881E37;
1900000, 4.983828350263862E37;
2000000, 4.95397796417114E37;
2100000, 4.997238281140805E37;
2200000, 5.035994196992857E37;
2300000, 5.008080161331164E37;
2400000, 5.0283811639162E37;
2500000, 5.063221268115612E37;
2600000, 4.9946026649121E37;
2700000, 5.01466768393229E37;
2800000, 5.040649413744057E37;
2900000, 5.040633787553243E37;
3000000, 5.011342419262501E37;
3100000, 5.0609585012263875E37;
3200000, 5.073988919711467E37;
3300000, 5.088082752650525E37;
3400000, 5.050932733881581E37;
3500000, 5.044274981063727E37;
0, NaN;
100000, 5.375748829634505E37;
200000, 4.493212375837364E37;
300000, 4.1885263460965425E37;
400000, 4.1513760515308886E37;
500000, 4.256796428516102E37;
600000, 4.513976269323762E37;
700000, 4.625253906841995E37;
800000, 4.76414897704056E37;
900000, 4.91327678394542E37;
1000000, 4.863590450039751E37;
1100000, 4.833779482488948E37;
1200000, 4.896833019440564E37;
1300000, 4.870116903990091E37;
1400000, 4.826383393731439E37;
1500000, 4.817081592129671E37;
1600000, 4.935695354930979E37;
1700000, 4.921311825744122E37;
1800000, 4.945782765516881E37;
1900000, 4.983828350263862E37;
2000000, 4.95397796417114E37;
2100000, 4.997238281140805E37;
2200000, 5.035994196992857E37;
2300000, 5.008080161331164E37;
2400000, 5.0283811639162E37;
2500000, 5.063221268115612E37;
2600000, 4.9946026649121E37;
2700000, 5.01466768393229E37;
2800000, 5.040649413744057E37;
2900000, 5.040633787553243E37;
3000000, 5.011342419262501E37;
3100000, 5.0609585012263875E37;
3200000, 5.073988919711467E37;
3300000, 5.088082752650525E37;
3400000, 5.050932733881581E37;
3500000, 5.044274981063727E37;
0, NaN;
100000, 2.4859464319919983E37;
200000, 2.481634711887474E37;
300000, 2.473833640656086E37;
400000, 2.41453220123558E37;
500000, 2.4330502204436467E37;
600000, 2.4601471642694963E37;
700000, 2.464130231883994E37;
800000, 2.473066826052884E37;
900000, 2.4801904716021545E37;
1000000, 2.493209677980758E37;
1100000, 2.494135127271206E37;
1200000, 2.514969338284369E37;
1300000, 2.4956394298430614E37;
1400000, 2.487091229074866E37;
1500000, 2.4725326535434463E37;
1600000, 2.4755190977730837E37;
1700000, 2.4606383702437535E37;
1800000, 2.463619377062034E37;
1900000, 2.469564617312177E37;
2000000, 2.4721872135929026E37;
2100000, 2.4585189279517565E37;
2200000, 2.4596142337593875E37;
2300000, 2.4616407321743166E37;
2400000, 2.460518173586352E37;
2500000, 2.457868880568295E37;
2600000, 2.4562266420979347E37;
2700000, 2.4729624708145427E37;
2800000, 2.4647991635110405E37;
2900000, 2.465097691917326E37;
3000000, 2.474828342465938E37;
3100000, 2.483894974015102E37;
3200000, 2.4872274404822126E37;
3300000, 2.490255472729425E37;
3400000, 2.4948664558914205E37;
3500000, 2.5029006700981877E37;
0, NaN;
100000, 1.933484224884917E37;
200000, 1.92739552801311E37;
300000, 2.0117604665236164E37;
400000, 2.028461694833846E37;
500000, 2.0340136230027013E37;
600000, 2.0507868265048672E37;
700000, 2.0727946577776258E37;
800000, 2.068943084200739E37;
900000, 2.055725901659008E37;
1000000, 2.0761071682396773E37;
1100000, 2.080096770700456E37;
1200000, 2.0806710019813457E37;
1300000, 2.0889851494715423E37;
1400000, 2.0944963538754748E37;
1500000, 2.1006182606038738E37;
1600000, 2.098979279264877E37;
1700000, 2.0981895509710565E37;
1800000, 2.0932335849541224E37;
1900000, 2.0936331280360533E37;
2000000, 2.1012989172173618E37;
2100000, 2.1099318047850651E37;
2200000, 2.1091669316363402E37;
2300000, 2.1181473021150336E37;
2400000, 2.1207152027009774E37;
2500000, 2.125854445798425E37;
2600000, 2.124238848261611E37;
2700000, 2.1282615795154867E37;
2800000, 2.129382615455817E37;
2900000, 2.133436580382543E37;
3000000, 2.1416933673743756E37;
3100000, 2.138268855238195E37;
3200000, 2.137391958393587E37;
3300000, 2.1387960709970974E37;
3400000, 2.1385116063899056E37;
3500000, 2.1434510764407237E37;
0, NaN;
100000, 1.8252378748928414E37;
200000, 1.7882742855063488E37;
300000, 1.795210767020185E37;
400000, 1.7944222402054746E37;
500000, 1.7891028345331025E37;
600000, 1.7953379420768051E37;
700000, 1.8020054000099947E37;
800000, 1.802000628302639E37;
900000, 1.79860699303311E37;
1000000, 1.8012088409065578E37;
1100000, 1.8029772709373038E37;
1200000, 1.806194399193131E37;
1300000, 1.8074328724830721E37;
1400000, 1.810515039548538E37;
1500000, 1.8144049260377063E37;
1600000, 1.8208800427492143E37;
1700000, 1.823860674014923E37;
1800000, 1.8216742737482787E37;
1900000, 1.825888145836805E37;
2000000, 1.8294005824895558E37;
2100000, 1.8320534609319854E37;
2200000, 1.8339225083238816E37;
2300000, 1.8361903026817914E37;
2400000, 1.84166953327199E37;
2500000, 1.8429237518807823E37;
2600000, 1.8445978825647739E37;
2700000, 1.8511739810928125E37;
2800000, 1.8536794659066102E37;
2900000, 1.8563072512415884E37;
3000000, 1.857871132342402E37;
3100000, 1.8584019413283318E37;
3200000, 1.861617917508313E37;
3300000, 1.8649837516778537E37;
3400000, 1.869230592896765E37;
3500000, 1.8723517091611053E37;
0, NaN;
100000, 2.459452491686153E37;
200000, 2.49695864850817E37;
300000, 2.412906404324622E37;
400000, 2.395999108978952E37;
500000, 2.4424864900798864E37;
600000, 2.41845052217312E37;
700000, 2.4509946533108366E37;
800000, 2.4616784199049527E37;
900000, 2.46223594364186E37;
1000000, 2.4889964855743806E37;
1100000, 2.490605563612087E37;
1200000, 2.5119041290850207E37;
1300000, 2.4986146005184446E37;
1400000, 2.507705592610042E37;
1500000, 2.5102142623863665E37;
1600000, 2.538601653289872E37;
1700000, 2.546920275477866E37;
1800000, 2.565467888476E37;
1900000, 2.575810160954045E37;
2000000, 2.583422690249979E37;
2100000, 2.5788246749548806E37;
2200000, 2.5683581212810165E37;
2300000, 2.5804578962488063E37;
2400000, 2.5811609228268523E37;
2500000, 2.5936073943711585E37;
2600000, 2.5980390454031005E37;
2700000, 2.5915431358593376E37;
2800000, 2.5956075852112493E37;
2900000, 2.5957351155623037E37;
3000000, 2.5913456244435554E37;
3100000, 2.5894778427425163E37;
3200000, 2.6000298898811037E37;
3300000, 2.599813589565722E37;
3400000, 2.599826018383528E37;
3500000, 2.6102526967054166E37;
0, NaN;
100000, 2.166041940800487E37;
200000, 2.0503730263777254E37;
300000, 2.1043193949545874E37;
400000, 2.1163765578934222E37;
500000, 2.143068264606765E37;
600000, 2.143600797753109E37;
700000, 2.143714323571617E37;
800000, 2.137709339427388E37;
900000, 2.1358470868664637E37;
1000000, 2.1261371945394148E37;
1100000, 2.1312946656160857E37;
1200000, 2.1196698041708926E37;
1300000, 2.1151545248862428E37;
1400000, 2.1239950289905275E37;
1500000, 2.1266427065487034E37;
1600000, 2.1227320565719887E37;
1700000, 2.1253517333364915E37;
1800000, 2.1270025150738437E37;
1900000, 2.124320134598006E37;
2000000, 2.136198852561217E37;
2100000, 2.1310819419973664E37;
2200000, 2.13989746022639E37;
2300000, 2.138277149960271E37;
2400000, 2.1378945500566725E37;
2500000, 2.1356970826829955E37;
2600000, 2.1377003194257383E37;
2700000, 2.143061530001593E37;
2800000, 2.14237187551236E37;
2900000, 2.1410949546185877E37;
3000000, 2.138857157331365E37;
3100000, 2.1438819250238153E37;
3200000, 2.1466726399409892E37;
3300000, 2.1479778534347044E37;
3400000, 2.1452621845373954E37;
3500000, 2.1461580452750404E37;
0, NaN;
100000, 1.8150220618282718E37;
200000, 1.809408089242639E37;
300000, 1.8222145212073568E37;
400000, 1.8156296957790592E37;
500000, 1.8134800426095787E37;
600000, 1.8128270058293743E37;
700000, 1.8176452256963853E37;
800000, 1.8198823119988846E37;
900000, 1.8245561103262024E37;
1000000, 1.8305335821751388E37;
1100000, 1.834247191728579E37;
1200000, 1.8337525602448863E37;
1300000, 1.8372302163976986E37;
1400000, 1.8410970049771346E37;
1500000, 1.8451015405252222E37;
1600000, 1.8510270601342037E37;
1700000, 1.8532940198417414E37;
1800000, 1.8543648508473147E37;
1900000, 1.8570892969498949E37;
2000000, 1.8591214072766289E37;
2100000, 1.8649525022496816E37;
2200000, 1.8718058428118182E37;
2300000, 1.8751154127892677E37;
2400000, 1.8785259590209152E37;
2500000, 1.8817980020629286E37;
2600000, 1.8835624147309786E37;
2700000, 1.8866132207185363E37;
2800000, 1.8897996251618018E37;
2900000, 1.8943234703236904E37;
3000000, 1.8997721658366442E37;
3100000, 1.9037739092888044E37;
3200000, 1.9075132244321506E37;
3300000, 1.912096732492547E37;
3400000, 1.9150640504505714E37;
3500000, 1.9164123192224027E37;
0, NaN;
100000, 1.739707224476708E37;
200000, 1.7414547998948783E37;
300000, 1.7515098439204836E37;
400000, 1.7601865335443803E37;
500000, 1.7663456115329147E37;
600000, 1.7662849992179498E37;
700000, 1.7704994369206335E37;
800000, 1.7717885046960203E37;
900000, 1.7740202800617566E37;
1000000, 1.781610185353558E37;
1100000, 1.7861855015074119E37;
1200000, 1.7913949849281528E37;
1300000, 1.7954273544143265E37;
1400000, 1.799521821319575E37;
1500000, 1.803142966466094E37;
1600000, 1.8086659907866274E37;
1700000, 1.8128000534870717E37;
1800000, 1.8175146668230708E37;
1900000, 1.8202555811676877E37;
2000000, 1.824042902275244E37;
2100000, 1.8274799341593189E37;
2200000, 1.833185390055218E37;
2300000, 1.8353071909298075E37;
2400000, 1.8377096171689608E37;
2500000, 1.8406607002952696E37;
2600000, 1.8441983194118032E37;
2700000, 1.8465180597149443E37;
2800000, 1.8501054032332825E37;
2900000, 1.8534646089364058E37;
3000000, 1.8567182713343498E37;
3100000, 1.8597179249088431E37;
3200000, 1.8616465074350673E37;
3300000, 1.8641582204009268E37;
3400000, 1.8675532520871675E37;
3500000, 1.8696577563657433E37;
0, NaN;
100000, 1.739707224476708E37;
200000, 1.7414547998948783E37;
300000, 1.7515098439204836E37;
400000, 1.7601865335443803E37;
500000, 1.7663456115329147E37;
600000, 1.7662849992179498E37;
700000, 1.7704994369206335E37;
800000, 1.7717885046960203E37;
900000, 1.7740202800617566E37;
1000000, 1.781610185353558E37;
1100000, 1.7861855015074119E37;
1200000, 1.7913949849281528E37;
1300000, 1.7954273544143265E37;
1400000, 1.799521821319575E37;
1500000, 1.803142966466094E37;
1600000, 1.8086659907866274E37;
1700000, 1.8128000534870717E37;
1800000, 1.8175146668230708E37;
1900000, 1.8202555811676877E37;
2000000, 1.824042902275244E37;
2100000, 1.8274799341593189E37;
2200000, 1.833185390055218E37;
2300000, 1.8353071909298075E37;
2400000, 1.8377096171689608E37;
2500000, 1.8406607002952696E37;
2600000, 1.8441983194118032E37;
2700000, 1.8465180597149443E37;
2800000, 1.8501054032332825E37;
2900000, 1.8534646089364058E37;
3000000, 1.8567182713343498E37;
3100000, 1.8597179249088431E37;
3200000, 1.8616465074350673E37;
3300000, 1.8641582204009268E37;
3400000, 1.8675532520871675E37;
3500000, 1.8696577563657433E37;
0, NaN;
0, NaN;
0, NaN;
100000, 7.060736650395163E37;
200000, 7.023175744853272E37;
300000, 6.45061708986859E37;
400000, 5.91931712607689E37;
500000, 5.997617432972833E37;
600000, 5.780693354424477E37;
700000, 5.869015554706191E37;
800000, 5.894449546994374E37;
900000, 5.865964296548285E37;
1000000, 5.841120828437276E37;
1100000, 5.828914390218421E37;
1200000, 5.740268689892252E37;
1300000, 5.778192861278639E37;
1400000, 5.795591214223135E37;
1500000, 5.735906246169406E37;
1600000, 5.67230630073279E37;
1700000, 5.67385774813696E37;
1800000, 5.688585788858625E37;
1900000, 5.774104018594268E37;
2000000, 5.811678068954751E37;
2100000, 5.76564681429303E37;
2200000, 5.6944074312167315E37;
2300000, 5.649596850907119E37;
2400000, 5.649061281826393E37;
2500000, 5.612014243488494E37;
2600000, 5.590596866738931E37;
2700000, 5.554719287064527E37;
2800000, 5.516102135813895E37;
2900000, 5.497355140866581E37;
3000000, 5.472697525065974E37;
3100000, 5.490052108846438E37;
3200000, 5.52662977583375E37;
3300000, 5.51773366353651E37;
3400000, 5.5095765385386295E37;
3500000, 5.524995412830549E37;
0, NaN;
0, NaN;
0, NaN;
0, NaN;
100000, 7.060736650395163E37;
200000, 7.023175744853272E37;
300000, 6.45061708986859E37;
400000, 5.91931712607689E37;
500000, 5.997617432972833E37;
600000, 5.780693354424477E37;
700000, 5.869015554706191E37;
800000, 5.894449546994374E37;
900000, 5.865964296548285E37;
1000000, 5.841120828437276E37;
1100000, 5.828914390218421E37;
1200000, 5.740268689892252E37;
1300000, 5.778192861278639E37;
1400000, 5.795591214223135E37;
1500000, 5.735906246169406E37;
1600000, 5.67230630073279E37;
1700000, 5.67385774813696E37;
1800000, 5.688585788858625E37;
1900000, 5.774104018594268E37;
2000000, 5.811678068954751E37;
2100000, 5.76564681429303E37;
2200000, 5.6944074312167315E37;
2300000, 5.649596850907119E37;
2400000, 5.649061281826393E37;
2500000, 5.612014243488494E37;
2600000, 5.590596866738931E37;
2700000, 5.554719287064527E37;
2800000, 5.516102135813895E37;
2900000, 5.497355140866581E37;
3000000, 5.472697525065974E37;
3100000, 5.490052108846438E37;
3200000, 5.52662977583375E37;
3300000, 5.51773366353651E37;
3400000, 5.5095765385386295E37;
3500000, 5.524995412830549E37;
0, NaN;
100000, 1.7512371730013043E37;
200000, 1.75866204368198E37;
300000, 1.7653854121813648E37;
400000, 1.7687907318343327E37;
500000, 1.7729562220031682E37;
600000, 1.778472236213637E37;
700000, 1.7800922602069413E37;
800000, 1.7836608980321577E37;
900000, 1.7884170862200213E37;
1000000, 1.7942086100256687E37;
1100000, 1.7985746829064386E37;
1200000, 1.8031395732799468E37;
1300000, 1.8093648091557462E37;
1400000, 1.8129311551517877E37;
1500000, 1.8166447190521585E37;
1600000, 1.821861133488813E37;
1700000, 1.8263861037324115E37;
1800000, 1.8300439267794753E37;
1900000, 1.8342796480908484E37;
2000000, 1.8383298381821338E37;
2100000, 1.8428888503603791E37;
2200000, 1.8460842228726035E37;
2300000, 1.850057077011583E37;
2400000, 1.8540121376931243E37;
2500000, 1.859258610305222E37;
2600000, 1.8634930035863255E37;
2700000, 1.8686067683021374E37;
2800000, 1.8721292810635826E37;
2900000, 1.8769399489054932E37;
3000000, 1.8811082905478796E37;
3100000, 1.8850077354033664E37;
3200000, 1.8886721478807318E37;
3300000, 1.8920290015135383E37;
3400000, 1.895260689916382E37;
3500000, 1.8987831984752376E37;
0, NaN;
100000, 2.4678263408158534E36;
200000, 2.456265751034991E36;
300000, 2.4762075246447797E36;
400000, 2.4983224604803714E36;
500000, 2.4879618916222422E36;
600000, 2.482719290978002E36;
700000, 2.5269442635563525E36;
800000, 2.5126523712063964E36;
900000, 2.5237091402303757E36;
1000000, 2.519539148681798E36;
1100000, 2.5182146503104405E36;
1200000, 2.5103357159507268E36;
1300000, 2.517855717776056E36;
1400000, 2.5267119008391338E36;
1500000, 2.515973758118031E36;
1600000, 2.5261029801745766E36;
1700000, 2.5188386636903824E36;
1800000, 2.516610481211806E36;
1900000, 2.528238424686125E36;
2000000, 2.518935043155238E36;
2100000, 2.5210839646645717E36;
2200000, 2.5342198661767262E36;
2300000, 2.5417986663595002E36;
2400000, 2.5422255363828285E36;
2500000, 2.5412787786998213E36;
2600000, 2.5447014815579813E36;
2700000, 2.5433118425646148E36;
2800000, 2.555491719168895E36;
2900000, 2.5565543004444532E36;
3000000, 2.56036002783496E36;
3100000, 2.5696752442713512E36;
3200000, 2.5706712421757954E36;
3300000, 2.5671323250002684E36;
3400000, 2.5696537538532836E36;
3500000, 2.5757657625496658E36;
