NaN;
2.4859464319919983E37;
2.481634711887474E37;
2.473833640656086E37;
2.41453220123558E37;
2.4330502204436467E37;
2.4601471642694963E37;
2.464130231883994E37;
2.473066826052884E37;
2.4801904716021545E37;
2.493209677980758E37;
2.494135127271206E37;
2.514969338284369E37;
2.4956394298430614E37;
2.487091229074866E37;
2.4725326535434463E37;
2.4755190977730837E37;
2.4606383702437535E37;
2.463619377062034E37;
2.469564617312177E37;
2.4721872135929026E37;
2.4585189279517565E37;
2.4596142337593875E37;
2.4616407321743166E37;
2.460518173586352E37;
2.457868880568295E37;
2.4562266420979347E37;
2.4729624708145427E37;
2.4647991635110405E37;
2.465097691917326E37;
2.474828342465938E37;
2.483894974015102E37;
2.4872274404822126E37;
2.490255472729425E37;
2.4948664558914205E37;
2.5029006700981877E37;
0, NaN;
100000, 2.4859464319919983E37;
200000, 2.481634711887474E37;
300000, 2.473833640656086E37;
400000, 2.41453220123558E37;
500000, 2.4330502204436467E37;
600000, 2.4601471642694963E37;
700000, 2.464130231883994E37;
800000, 2.473066826052884E37;
900000, 2.4801904716021545E37;
1000000, 2.493209677980758E37;
1100000, 2.494135127271206E37;
1200000, 2.514969338284369E37;
1300000, 2.4956394298430614E37;
1400000, 2.487091229074866E37;
1500000, 2.4725326535434463E37;
1600000, 2.4755190977730837E37;
1700000, 2.4606383702437535E37;
1800000, 2.463619377062034E37;
1900000, 2.469564617312177E37;
2000000, 2.4721872135929026E37;
2100000, 2.4585189279517565E37;
2200000, 2.4596142337593875E37;
2300000, 2.4616407321743166E37;
2400000, 2.460518173586352E37;
2500000, 2.457868880568295E37;
2600000, 2.4562266420979347E37;
2700000, 2.4729624708145427E37;
2800000, 2.4647991635110405E37;
2900000, 2.465097691917326E37;
3000000, 2.474828342465938E37;
3100000, 2.483894974015102E37;
3200000, 2.4872274404822126E37;
3300000, 2.490255472729425E37;
3400000, 2.4948664558914205E37;
3500000, 2.5029006700981877E37;
