NaN;
5.375748829634505E37;
4.493212375837364E37;
4.1885263460965425E37;
4.1513760515308886E37;
4.256796428516102E37;
4.513976269323762E37;
4.625253906841995E37;
4.76414897704056E37;
4.91327678394542E37;
4.863590450039751E37;
4.833779482488948E37;
4.896833019440564E37;
4.870116903990091E37;
4.826383393731439E37;
4.817081592129671E37;
4.935695354930979E37;
4.921311825744122E37;
4.945782765516881E37;
4.983828350263862E37;
4.95397796417114E37;
4.997238281140805E37;
5.035994196992857E37;
5.008080161331164E37;
5.0283811639162E37;
5.063221268115612E37;
4.9946026649121E37;
5.01466768393229E37;
5.040649413744057E37;
5.040633787553243E37;
5.011342419262501E37;
5.0609585012263875E37;
5.073988919711467E37;
5.088082752650525E37;
5.050932733881581E37;
5.044274981063727E37;
0, NaN;
100000, 5.375748829634505E37;
200000, 4.493212375837364E37;
300000, 4.1885263460965425E37;
400000, 4.1513760515308886E37;
500000, 4.256796428516102E37;
600000, 4.513976269323762E37;
700000, 4.625253906841995E37;
800000, 4.76414897704056E37;
900000, 4.91327678394542E37;
1000000, 4.863590450039751E37;
1100000, 4.833779482488948E37;
1200000, 4.896833019440564E37;
1300000, 4.870116903990091E37;
1400000, 4.826383393731439E37;
1500000, 4.817081592129671E37;
1600000, 4.935695354930979E37;
1700000, 4.921311825744122E37;
1800000, 4.945782765516881E37;
1900000, 4.983828350263862E37;
2000000, 4.95397796417114E37;
2100000, 4.997238281140805E37;
2200000, 5.035994196992857E37;
2300000, 5.008080161331164E37;
2400000, 5.0283811639162E37;
2500000, 5.063221268115612E37;
2600000, 4.9946026649121E37;
2700000, 5.01466768393229E37;
2800000, 5.040649413744057E37;
2900000, 5.040633787553243E37;
3000000, 5.011342419262501E37;
3100000, 5.0609585012263875E37;
3200000, 5.073988919711467E37;
3300000, 5.088082752650525E37;
3400000, 5.050932733881581E37;
3500000, 5.044274981063727E37;
