NaN;
1.8252378748928414E37;
1.7882742855063488E37;
1.795210767020185E37;
1.7944222402054746E37;
1.7891028345331025E37;
1.7953379420768051E37;
1.8020054000099947E37;
1.802000628302639E37;
1.79860699303311E37;
1.8012088409065578E37;
1.8029772709373038E37;
1.806194399193131E37;
1.8074328724830721E37;
1.810515039548538E37;
1.8144049260377063E37;
1.8208800427492143E37;
1.823860674014923E37;
1.8216742737482787E37;
1.825888145836805E37;
1.8294005824895558E37;
1.8320534609319854E37;
1.8339225083238816E37;
1.8361903026817914E37;
1.84166953327199E37;
1.8429237518807823E37;
1.8445978825647739E37;
1.8511739810928125E37;
1.8536794659066102E37;
1.8563072512415884E37;
1.857871132342402E37;
1.8584019413283318E37;
1.861617917508313E37;
1.8649837516778537E37;
1.869230592896765E37;
1.8723517091611053E37;
