NaN;
1.7777087637549157E37;
1.7689174513367113E37;
1.7698954146742715E37;
1.7673835427009573E37;
1.7675728599762803E37;
1.7708615493748716E37;
1.7730781924942554E37;
1.773449845221414E37;
1.7770326269284604E37;
1.78037163802337E37;
1.784054365451314E37;
1.7879128257243877E37;
1.7919545518152098E37;
1.7954386475881368E37;
1.7985534641396954E37;
1.801629432859736E37;
1.8052412892747627E37;
1.8073861487749244E37;
1.8105476235256288E37;
1.8153773946233085E37;
1.819179882467637E37;
1.8228528489576813E37;
1.8249775405989647E37;
1.827981321475285E37;
1.8311801880923594E37;
1.833839339724875E37;
1.8376577729774252E37;
1.8422200359980833E37;
1.845225181599849E37;
1.8488618086717626E37;
1.8513531850639426E37;
1.8540558645895345E37;
1.8566002576091148E37;
1.859859212873965E37;
1.862067973652318E37;
