NaN;
22,5;
22,884615384615383;
23,097560975609756;
23,142857142857142;
23,066666666666666;
23,380281690140844;
23,404761904761905;
23,46938775510204;
23,455357142857142;
23,508333333333333;
23,518796992481203;
23,47586206896552;
23,455696202531644;
23,45977011494253;
23,440217391304348;
23,455497382198953;
23,49019607843137;
23,555555555555557;
23,57894736842105;
23,54320987654321;
23,511811023622048;
23,561338289962826;
23,530035335689046;
23,5;
23,44407894736842;
23,455696202531644;
23,415902140672785;
23,402366863905325;
23,384180790960453;
23,325136612021858;
23,329815303430077;
23,323907455012854;
23,300995024875622;
23,307506053268764;
23,32387706855792;
