NaN;
26,5;
26,142857142857142;
26,0;
26,75;
26,5;
26,375;
26,157894736842106;
26,043478260869566;
26,28;
26,20689655172414;
26,2;
26,323529411764707;
26,135135135135137;
26,0;
25,829268292682926;
25,727272727272727;
25,73913043478261;
25,80392156862745;
25,660377358490567;
25,6;
25,655172413793103;
25,666666666666668;
25,575757575757574;
25,80263157894737;
25,7;
25,710843373493976;
25,74418604651163;
25,8;
25,873684210526317;
25,79591836734694;
25,718446601941746;
25,72222222222222;
25,675675675675677;
25,652173913043477;
25,610169491525422;
25,601626016260163;
25,59375;
25,56153846153846;
25,545454545454547;
25,642335766423358;
25,683098591549296;
25,692307692307693;
25,643835616438356;
25,633333333333333;
25,640522875816995;
25,603896103896105;
25,612903225806452;
25,58490566037736;
25,617283950617285;
25,613496932515336;
25,60843373493976;
25,63905325443787;
25,61849710982659;
25,60919540229885;
25,661016949152543;
25,64245810055866;
25,69060773480663;
25,654054054054054;
25,636363636363637;
25,61904761904762;
25,6;
25,533678756476682;
25,515463917525775;
25,523076923076925;
25,5678391959799;
25,524509803921568;
25,524509803921568;
25,524509803921568;
25,516908212560388;
25,563981042654028;
25,59259259259259;
25,60909090909091;
25,59641255605381;
25,615044247787612;
25,614035087719298;
25,61304347826087;
25,626609442060087;
25,627118644067796;
25,62447257383966;
25,641666666666666;
25,634538152610443;
25,634920634920636;
25,666666666666668;
25,642023346303503;
25,661538461538463;
25,671755725190838;
25,674242424242426;
25,69056603773585;
25,691449814126393;
25,690036900369005;
25,6294964028777;
25,62323943661972;
25,629757785467127;
25,6426116838488;
25,641638225255974;
25,622895622895623;
25,60333333333333;
25,595394736842106;
25,58169934640523;
25,563517915309447;
25,587096774193547;
25,562300319488816;
25,579937304075234;
25,596273291925467;
25,58823529411765;
25,575384615384614;
25,5531914893617;
25,569277108433734;
25,517857142857142;
25,545454545454547;
25,55393586005831;
25,544668587896254;
25,54700854700855;
25,558073654390935;
25,559322033898304;
25,553072625698324;
25,573002754820937;
25,585831062670298;
25,594594594594593;
25,58176943699732;
25,580213903743317;
25,56233421750663;
25,58530183727034;
25,577023498694516;
25,57622739018088;
25,576923076923077;
25,5765306122449;
25,577608142493638;
25,556962025316455;
25,556675062972293;
25,555276381909547;
25,55889724310777;
25,56;
25,560493827160492;
25,55773955773956;
25,556372549019606;
25,557971014492754;
25,550239234449762;
25,547619047619047;
25,541176470588237;
25,549065420560748;
25,566433566433567;
25,586605080831408;
25,61467889908257;
25,59908883826879;
25,589569160997733;
25,603603603603602;
25,605381165919283;
25,608017817371937;
25,61283185840708;
25,61925601750547;
25,628260869565217;
25,627956989247313;
25,634042553191488;
25,627906976744185;
25,639412997903563;
25,63389121338912;
25,651452282157678;
25,65983606557377;
25,65848670756646;
25,643584521384927;
25,649193548387096;
25,646123260437374;
25,646123260437374;
25,652173913043477;
25,658153241650293;
25,65753424657534;
25,643410852713178;
25,642166344294004;
25,644913627639156;
25,641221374045802;
25,645714285714284;
25,647727272727273;
25,661016949152543;
25,650375939849624;
25,653558052434455;
25,652416356877325;
25,65677179962894;
25,65740740740741;
25,64391143911439;
25,63351749539595;
25,63051470588235;
25,614963503649633;
25,643115942028984;
25,649280575539567;
25,651162790697676;
25,658362989323845;
25,664902998236332;
25,67017543859649;
25,655594405594407;
25,655594405594407;
25,662608695652175;
25,677029360967186;
25,666092943201377;
25,666092943201377;
25,670103092783506;
25,67409948542024;
25,67008547008547;
25,667802385008518;
25,656514382402708;
25,652100840336136;
25,64715719063545;
25,647746243739565;
25,66777408637874;
25,677152317880793;
25,662273476112027;
25,66282894736842;
25,661788617886177;
25,658576051779935;
25,662939297124602;
25,67142857142857;
25,669303797468356;
25,666666666666668;
25,66456692913386;
25,656739811912225;
25,665109034267914;
25,676470588235293;
25,674382716049383;
25,674382716049383;
25,67588325652842;
25,672782874617738;
25,668702290076336;
25,66768292682927;
25,659574468085108;
25,661608497723822;
25,667170953101362;
25,671191553544496;
25,663663663663662;
25,66317365269461;
25,66417910447761;
25,65625;
25,658753709198812;
25,670118343195266;
25,666666666666668;
25,657856093979444;
25,656934306569344;
25,65406976744186;
25,65846599131693;
25,65997130559541;
25,65811965811966;
25,674220963172804;
25,677966101694917;
25,68767507002801;
25,68951048951049;
25,696378830083564;
25,696801112656466;
25,698611111111113;
25,703190013869627;
25,69889502762431;
25,703296703296704;
25,705479452054796;
25,70204081632653;
25,701351351351352;
25,705248990578735;
25,697050938337803;
25,69385026737968;
25,699599465954606;
25,702666666666666;
25,69906790945406;
25,699468085106382;
25,704635761589405;
25,702774108322323;
25,702774108322323;
25,701708278580814;
25,695026178010473;
25,68798955613577;
25,684415584415586;
25,684415584415586;
25,691612903225806;
25,68421052631579;
25,67816091954023;
25,701776649746193;
25,709068010075566;
25,695979899497488;
25,69924812030075;
25,701622971285893;
25,701622971285893;
25,697384806973847;
25,690594059405942;
25,68103448275862;
25,68796068796069;
25,681707317073172;
25,690533980582526;
25,69333333333333;
25,69286577992745;
25,696019300361883;
25,69591346153846;
25,69664268585132;
25,708482676224612;
25,701190476190476;
25,698695136417555;
25,708382526564346;
25,712603062426385;
25,71294117647059;
25,708920187793428;
25,705263157894738;
25,697782963827304;
25,70731707317073;
25,70554272517321;
25,700344431687714;
25,70057142857143;
25,700913242009133;
25,70011402508552;
25,70079635949943;
25,689342403628117;
25,691525423728812;
25,691788526434195;
25,685682326621922;
25,68777777777778;
25,676633444075303;
25,680616740088105;
25,676180021953897;
25,670678336980306;
25,66593886462882;
25,663398692810457;
25,657236126224156;
25,658695652173915;
25,65943600867679;
25,666306695464364;
25,662017167381975;
25,658092175777064;
25,664171122994652;
25,66275346851654;
25,674074074074074;
25,66701680672269;
25,666316894018887;
25,671875;
25,665284974093264;
25,669421487603305;
25,66769547325103;
25,66187050359712;
25,658811475409838;
25,660184237461618;
25,660184237461618;
25,663265306122447;
25,667686034658512;
25,667686034658512;
25,672764227642276;
25,66835187057634;
25,661957618567104;
25,664652567975832;
25,66532663316583;
25,659979939819458;
25,648;
25,654037886340976;
25,650746268656718;
25,65277777777778;
25,653121902874133;
25,654150197628457;
25,652517275419545;
25,652517275419545;
25,653846153846153;
25,652216748768474;
25,64082433758587;
25,63600782778865;
25,63600782778865;
25,633431085043988;
25,6318359375;
25,626705653021443;
NaN;
26,5;
26,142857142857142;
26,0;
26,75;
26,5;
26,375;
26,157894736842106;
26,043478260869566;
26,28;
26,20689655172414;
26,2;
26,323529411764707;
26,135135135135137;
26,0;
25,829268292682926;
25,727272727272727;
25,73913043478261;
25,80392156862745;
25,660377358490567;
25,6;
25,655172413793103;
25,666666666666668;
25,575757575757574;
25,80263157894737;
25,7;
25,710843373493976;
25,74418604651163;
25,8;
25,873684210526317;
25,79591836734694;
25,718446601941746;
25,72222222222222;
25,675675675675677;
25,652173913043477;
25,610169491525422;
25,601626016260163;
25,59375;
25,56153846153846;
25,545454545454547;
25,642335766423358;
25,683098591549296;
25,692307692307693;
25,643835616438356;
25,633333333333333;
25,640522875816995;
25,603896103896105;
25,612903225806452;
25,58490566037736;
25,617283950617285;
25,613496932515336;
25,60843373493976;
25,63905325443787;
25,61849710982659;
25,60919540229885;
25,661016949152543;
25,64245810055866;
25,69060773480663;
25,654054054054054;
25,636363636363637;
25,61904761904762;
25,6;
25,533678756476682;
25,515463917525775;
25,523076923076925;
25,5678391959799;
25,524509803921568;
25,524509803921568;
25,524509803921568;
25,516908212560388;
25,563981042654028;
25,59259259259259;
25,60909090909091;
25,59641255605381;
25,615044247787612;
25,614035087719298;
25,61304347826087;
25,626609442060087;
25,627118644067796;
25,62447257383966;
25,641666666666666;
25,634538152610443;
25,634920634920636;
25,666666666666668;
25,642023346303503;
25,661538461538463;
25,671755725190838;
25,674242424242426;
25,69056603773585;
25,691449814126393;
25,690036900369005;
25,6294964028777;
25,62323943661972;
25,629757785467127;
25,6426116838488;
25,641638225255974;
25,622895622895623;
25,60333333333333;
25,595394736842106;
25,58169934640523;
25,563517915309447;
25,587096774193547;
25,562300319488816;
25,579937304075234;
25,596273291925467;
25,58823529411765;
25,575384615384614;
25,5531914893617;
25,569277108433734;
25,517857142857142;
25,545454545454547;
25,55393586005831;
25,544668587896254;
25,54700854700855;
25,558073654390935;
25,559322033898304;
25,553072625698324;
25,573002754820937;
25,585831062670298;
25,594594594594593;
25,58176943699732;
25,580213903743317;
25,56233421750663;
25,58530183727034;
25,577023498694516;
25,57622739018088;
25,576923076923077;
25,5765306122449;
25,577608142493638;
25,556962025316455;
25,556675062972293;
25,555276381909547;
25,55889724310777;
25,56;
25,560493827160492;
25,55773955773956;
25,556372549019606;
25,557971014492754;
25,550239234449762;
25,547619047619047;
25,541176470588237;
25,549065420560748;
25,566433566433567;
25,586605080831408;
25,61467889908257;
25,59908883826879;
25,589569160997733;
25,603603603603602;
25,605381165919283;
25,608017817371937;
25,61283185840708;
25,61925601750547;
25,628260869565217;
25,627956989247313;
25,634042553191488;
25,627906976744185;
25,639412997903563;
25,63389121338912;
25,651452282157678;
25,65983606557377;
25,65848670756646;
25,643584521384927;
25,649193548387096;
25,646123260437374;
25,646123260437374;
25,652173913043477;
25,658153241650293;
25,65753424657534;
25,643410852713178;
25,642166344294004;
25,644913627639156;
25,641221374045802;
25,645714285714284;
25,647727272727273;
25,661016949152543;
25,650375939849624;
25,653558052434455;
25,652416356877325;
25,65677179962894;
25,65740740740741;
25,64391143911439;
25,63351749539595;
25,63051470588235;
25,614963503649633;
25,643115942028984;
25,649280575539567;
25,651162790697676;
25,658362989323845;
25,664902998236332;
25,67017543859649;
25,655594405594407;
25,655594405594407;
25,662608695652175;
25,677029360967186;
25,666092943201377;
25,666092943201377;
25,670103092783506;
25,67409948542024;
25,67008547008547;
25,667802385008518;
25,656514382402708;
25,652100840336136;
25,64715719063545;
25,647746243739565;
25,66777408637874;
25,677152317880793;
25,662273476112027;
25,66282894736842;
25,661788617886177;
25,658576051779935;
25,662939297124602;
25,67142857142857;
25,669303797468356;
25,666666666666668;
25,66456692913386;
25,656739811912225;
25,665109034267914;
25,676470588235293;
25,674382716049383;
25,674382716049383;
25,67588325652842;
25,672782874617738;
25,668702290076336;
25,66768292682927;
25,659574468085108;
25,661608497723822;
25,667170953101362;
25,671191553544496;
25,663663663663662;
25,66317365269461;
25,66417910447761;
25,65625;
25,658753709198812;
25,670118343195266;
25,666666666666668;
25,657856093979444;
25,656934306569344;
25,65406976744186;
25,65846599131693;
25,65997130559541;
25,65811965811966;
25,674220963172804;
25,677966101694917;
25,68767507002801;
25,68951048951049;
25,696378830083564;
25,696801112656466;
25,698611111111113;
25,703190013869627;
25,69889502762431;
25,703296703296704;
25,705479452054796;
25,70204081632653;
25,701351351351352;
25,705248990578735;
25,697050938337803;
25,69385026737968;
25,699599465954606;
25,702666666666666;
25,69906790945406;
25,699468085106382;
25,704635761589405;
25,702774108322323;
25,702774108322323;
25,701708278580814;
25,695026178010473;
25,68798955613577;
25,684415584415586;
25,684415584415586;
25,691612903225806;
25,68421052631579;
25,67816091954023;
25,701776649746193;
25,709068010075566;
25,695979899497488;
25,69924812030075;
25,701622971285893;
25,701622971285893;
25,697384806973847;
25,690594059405942;
25,68103448275862;
25,68796068796069;
25,681707317073172;
25,690533980582526;
25,69333333333333;
25,69286577992745;
25,696019300361883;
25,69591346153846;
25,69664268585132;
25,708482676224612;
25,701190476190476;
25,698695136417555;
25,708382526564346;
25,712603062426385;
25,71294117647059;
25,708920187793428;
25,705263157894738;
25,697782963827304;
25,70731707317073;
25,70554272517321;
25,700344431687714;
25,70057142857143;
25,700913242009133;
25,70011402508552;
25,70079635949943;
25,689342403628117;
25,691525423728812;
25,691788526434195;
25,685682326621922;
25,68777777777778;
25,676633444075303;
25,680616740088105;
25,676180021953897;
25,670678336980306;
25,66593886462882;
25,663398692810457;
25,657236126224156;
25,658695652173915;
25,65943600867679;
25,666306695464364;
25,662017167381975;
25,658092175777064;
25,664171122994652;
25,66275346851654;
25,674074074074074;
25,66701680672269;
25,666316894018887;
25,671875;
25,665284974093264;
25,669421487603305;
25,66769547325103;
25,66187050359712;
25,658811475409838;
25,660184237461618;
25,660184237461618;
25,663265306122447;
25,667686034658512;
25,667686034658512;
25,672764227642276;
25,66835187057634;
25,661957618567104;
25,664652567975832;
25,66532663316583;
25,659979939819458;
25,648;
25,654037886340976;
25,650746268656718;
25,65277777777778;
25,653121902874133;
25,654150197628457;
25,652517275419545;
25,652517275419545;
25,653846153846153;
25,652216748768474;
25,64082433758587;
25,63600782778865;
25,63600782778865;
25,633431085043988;
25,6318359375;
25,626705653021443;
NaN;
26,5;
26,142857142857142;
26,0;
26,75;
26,5;
26,375;
26,157894736842106;
26,043478260869566;
26,28;
26,20689655172414;
26,2;
26,323529411764707;
26,135135135135137;
26,0;
25,829268292682926;
25,727272727272727;
25,73913043478261;
25,80392156862745;
25,660377358490567;
25,6;
25,655172413793103;
25,666666666666668;
25,575757575757574;
25,80263157894737;
25,7;
25,710843373493976;
25,74418604651163;
25,8;
25,873684210526317;
25,79591836734694;
25,718446601941746;
25,72222222222222;
25,675675675675677;
25,652173913043477;
25,610169491525422;
25,601626016260163;
25,59375;
25,56153846153846;
25,545454545454547;
25,642335766423358;
25,683098591549296;
25,692307692307693;
25,643835616438356;
25,633333333333333;
25,640522875816995;
25,603896103896105;
25,612903225806452;
25,58490566037736;
25,617283950617285;
25,613496932515336;
25,60843373493976;
25,63905325443787;
25,61849710982659;
25,60919540229885;
25,661016949152543;
25,64245810055866;
25,69060773480663;
25,654054054054054;
25,636363636363637;
25,61904761904762;
25,6;
25,533678756476682;
25,515463917525775;
25,523076923076925;
25,5678391959799;
25,524509803921568;
25,524509803921568;
25,524509803921568;
25,516908212560388;
25,563981042654028;
25,59259259259259;
25,60909090909091;
25,59641255605381;
25,615044247787612;
25,614035087719298;
25,61304347826087;
25,626609442060087;
25,627118644067796;
25,62447257383966;
25,641666666666666;
25,634538152610443;
25,634920634920636;
25,666666666666668;
25,642023346303503;
25,661538461538463;
25,671755725190838;
25,674242424242426;
25,69056603773585;
25,691449814126393;
25,690036900369005;
25,6294964028777;
25,62323943661972;
25,629757785467127;
25,6426116838488;
25,641638225255974;
25,622895622895623;
25,60333333333333;
25,595394736842106;
25,58169934640523;
25,563517915309447;
25,587096774193547;
25,562300319488816;
25,579937304075234;
25,596273291925467;
25,58823529411765;
25,575384615384614;
25,5531914893617;
25,569277108433734;
25,517857142857142;
25,545454545454547;
25,55393586005831;
25,544668587896254;
25,54700854700855;
25,558073654390935;
25,559322033898304;
25,553072625698324;
25,573002754820937;
25,585831062670298;
25,594594594594593;
25,58176943699732;
25,580213903743317;
25,56233421750663;
25,58530183727034;
25,577023498694516;
25,57622739018088;
25,576923076923077;
25,5765306122449;
25,577608142493638;
25,556962025316455;
25,556675062972293;
25,555276381909547;
25,55889724310777;
25,56;
25,560493827160492;
25,55773955773956;
25,556372549019606;
25,557971014492754;
25,550239234449762;
25,547619047619047;
25,541176470588237;
25,549065420560748;
25,566433566433567;
25,586605080831408;
25,61467889908257;
25,59908883826879;
25,589569160997733;
25,603603603603602;
25,605381165919283;
25,608017817371937;
25,61283185840708;
25,61925601750547;
25,628260869565217;
25,627956989247313;
25,634042553191488;
25,627906976744185;
25,639412997903563;
25,63389121338912;
25,651452282157678;
25,65983606557377;
25,65848670756646;
25,643584521384927;
25,649193548387096;
25,646123260437374;
25,646123260437374;
25,652173913043477;
25,658153241650293;
25,65753424657534;
25,643410852713178;
25,642166344294004;
25,644913627639156;
25,641221374045802;
25,645714285714284;
25,647727272727273;
25,661016949152543;
25,650375939849624;
25,653558052434455;
25,652416356877325;
25,65677179962894;
25,65740740740741;
25,64391143911439;
25,63351749539595;
25,63051470588235;
25,614963503649633;
25,643115942028984;
25,649280575539567;
25,651162790697676;
25,658362989323845;
25,664902998236332;
25,67017543859649;
25,655594405594407;
25,655594405594407;
25,662608695652175;
25,677029360967186;
25,666092943201377;
25,666092943201377;
25,670103092783506;
25,67409948542024;
25,67008547008547;
25,667802385008518;
25,656514382402708;
25,652100840336136;
25,64715719063545;
25,647746243739565;
25,66777408637874;
25,677152317880793;
25,662273476112027;
25,66282894736842;
25,661788617886177;
25,658576051779935;
25,662939297124602;
25,67142857142857;
25,669303797468356;
25,666666666666668;
25,66456692913386;
25,656739811912225;
25,665109034267914;
25,676470588235293;
25,674382716049383;
25,674382716049383;
25,67588325652842;
25,672782874617738;
25,668702290076336;
25,66768292682927;
25,659574468085108;
25,661608497723822;
25,667170953101362;
25,671191553544496;
25,663663663663662;
25,66317365269461;
25,66417910447761;
25,65625;
25,658753709198812;
25,670118343195266;
25,666666666666668;
25,657856093979444;
25,656934306569344;
25,65406976744186;
25,65846599131693;
25,65997130559541;
25,65811965811966;
25,674220963172804;
25,677966101694917;
25,68767507002801;
25,68951048951049;
25,696378830083564;
25,696801112656466;
25,698611111111113;
25,703190013869627;
25,69889502762431;
25,703296703296704;
25,705479452054796;
25,70204081632653;
25,701351351351352;
25,705248990578735;
25,697050938337803;
25,69385026737968;
25,699599465954606;
25,702666666666666;
25,69906790945406;
25,699468085106382;
25,704635761589405;
25,702774108322323;
25,702774108322323;
25,701708278580814;
25,695026178010473;
25,68798955613577;
25,684415584415586;
25,684415584415586;
25,691612903225806;
25,68421052631579;
25,67816091954023;
25,701776649746193;
25,709068010075566;
25,695979899497488;
25,69924812030075;
25,701622971285893;
25,701622971285893;
25,697384806973847;
25,690594059405942;
25,68103448275862;
25,68796068796069;
25,681707317073172;
25,690533980582526;
25,69333333333333;
25,69286577992745;
25,696019300361883;
25,69591346153846;
25,69664268585132;
25,708482676224612;
25,701190476190476;
25,698695136417555;
25,708382526564346;
25,712603062426385;
25,71294117647059;
25,708920187793428;
25,705263157894738;
25,697782963827304;
25,70731707317073;
25,70554272517321;
25,700344431687714;
25,70057142857143;
25,700913242009133;
25,70011402508552;
25,70079635949943;
25,689342403628117;
25,691525423728812;
25,691788526434195;
25,685682326621922;
25,68777777777778;
25,676633444075303;
25,680616740088105;
25,676180021953897;
25,670678336980306;
25,66593886462882;
25,663398692810457;
25,657236126224156;
25,658695652173915;
25,65943600867679;
25,666306695464364;
25,662017167381975;
25,658092175777064;
25,664171122994652;
25,66275346851654;
25,674074074074074;
25,66701680672269;
25,666316894018887;
25,671875;
25,665284974093264;
25,669421487603305;
25,66769547325103;
25,66187050359712;
25,658811475409838;
25,660184237461618;
25,660184237461618;
25,663265306122447;
25,667686034658512;
25,667686034658512;
25,672764227642276;
25,66835187057634;
25,661957618567104;
25,664652567975832;
25,66532663316583;
25,659979939819458;
25,648;
25,654037886340976;
25,650746268656718;
25,65277777777778;
25,653121902874133;
25,654150197628457;
25,652517275419545;
25,652517275419545;
25,653846153846153;
25,652216748768474;
25,64082433758587;
25,63600782778865;
25,63600782778865;
25,633431085043988;
25,6318359375;
25,626705653021443;
NaN;
26,5;
26,142857142857142;
26,0;
26,75;
26,5;
26,375;
26,157894736842106;
26,043478260869566;
26,28;
26,20689655172414;
26,2;
26,323529411764707;
26,135135135135137;
26,0;
25,829268292682926;
25,727272727272727;
25,73913043478261;
25,80392156862745;
25,660377358490567;
25,6;
25,655172413793103;
25,666666666666668;
25,575757575757574;
25,80263157894737;
25,7;
25,710843373493976;
25,74418604651163;
25,8;
25,873684210526317;
25,79591836734694;
25,718446601941746;
25,72222222222222;
25,675675675675677;
25,652173913043477;
25,610169491525422;
25,601626016260163;
25,59375;
25,56153846153846;
25,545454545454547;
25,642335766423358;
25,683098591549296;
25,692307692307693;
25,643835616438356;
25,633333333333333;
25,640522875816995;
25,603896103896105;
25,612903225806452;
25,58490566037736;
25,617283950617285;
25,613496932515336;
25,60843373493976;
25,63905325443787;
25,61849710982659;
25,60919540229885;
25,661016949152543;
25,64245810055866;
25,69060773480663;
25,654054054054054;
25,636363636363637;
25,61904761904762;
25,6;
25,533678756476682;
25,515463917525775;
25,523076923076925;
25,5678391959799;
25,524509803921568;
25,524509803921568;
25,524509803921568;
25,516908212560388;
25,563981042654028;
25,59259259259259;
25,60909090909091;
25,59641255605381;
25,615044247787612;
25,614035087719298;
25,61304347826087;
25,626609442060087;
25,627118644067796;
25,62447257383966;
25,641666666666666;
25,634538152610443;
25,634920634920636;
25,666666666666668;
25,642023346303503;
25,661538461538463;
25,671755725190838;
25,674242424242426;
25,69056603773585;
25,691449814126393;
25,690036900369005;
25,6294964028777;
25,62323943661972;
25,629757785467127;
25,6426116838488;
25,641638225255974;
25,622895622895623;
25,60333333333333;
25,595394736842106;
25,58169934640523;
25,563517915309447;
25,587096774193547;
25,562300319488816;
25,579937304075234;
25,596273291925467;
25,58823529411765;
25,575384615384614;
25,5531914893617;
25,569277108433734;
25,517857142857142;
25,545454545454547;
25,55393586005831;
25,544668587896254;
25,54700854700855;
25,558073654390935;
25,559322033898304;
25,553072625698324;
25,573002754820937;
25,585831062670298;
25,594594594594593;
25,58176943699732;
25,580213903743317;
25,56233421750663;
25,58530183727034;
25,577023498694516;
25,57622739018088;
25,576923076923077;
25,5765306122449;
25,577608142493638;
25,556962025316455;
25,556675062972293;
25,555276381909547;
25,55889724310777;
25,56;
25,560493827160492;
25,55773955773956;
25,556372549019606;
25,557971014492754;
25,550239234449762;
25,547619047619047;
25,541176470588237;
25,549065420560748;
25,566433566433567;
25,586605080831408;
25,61467889908257;
25,59908883826879;
25,589569160997733;
25,603603603603602;
25,605381165919283;
25,608017817371937;
25,61283185840708;
25,61925601750547;
25,628260869565217;
25,627956989247313;
25,634042553191488;
25,627906976744185;
25,639412997903563;
25,63389121338912;
25,651452282157678;
25,65983606557377;
25,65848670756646;
25,643584521384927;
25,649193548387096;
25,646123260437374;
25,646123260437374;
25,652173913043477;
25,658153241650293;
25,65753424657534;
25,643410852713178;
25,642166344294004;
25,644913627639156;
25,641221374045802;
25,645714285714284;
25,647727272727273;
25,661016949152543;
25,650375939849624;
25,653558052434455;
25,652416356877325;
25,65677179962894;
25,65740740740741;
25,64391143911439;
25,63351749539595;
25,63051470588235;
25,614963503649633;
25,643115942028984;
25,649280575539567;
25,651162790697676;
25,658362989323845;
25,664902998236332;
25,67017543859649;
25,655594405594407;
25,655594405594407;
25,662608695652175;
25,677029360967186;
25,666092943201377;
25,666092943201377;
25,670103092783506;
25,67409948542024;
25,67008547008547;
25,667802385008518;
25,656514382402708;
25,652100840336136;
25,64715719063545;
25,647746243739565;
25,66777408637874;
25,677152317880793;
25,662273476112027;
25,66282894736842;
25,661788617886177;
25,658576051779935;
25,662939297124602;
25,67142857142857;
25,669303797468356;
25,666666666666668;
25,66456692913386;
25,656739811912225;
25,665109034267914;
25,676470588235293;
25,674382716049383;
25,674382716049383;
25,67588325652842;
25,672782874617738;
25,668702290076336;
25,66768292682927;
25,659574468085108;
25,661608497723822;
25,667170953101362;
25,671191553544496;
25,663663663663662;
25,66317365269461;
25,66417910447761;
25,65625;
25,658753709198812;
25,670118343195266;
25,666666666666668;
25,657856093979444;
25,656934306569344;
25,65406976744186;
25,65846599131693;
25,65997130559541;
25,65811965811966;
25,674220963172804;
25,677966101694917;
25,68767507002801;
25,68951048951049;
25,696378830083564;
25,696801112656466;
25,698611111111113;
25,703190013869627;
25,69889502762431;
25,703296703296704;
25,705479452054796;
25,70204081632653;
25,701351351351352;
25,705248990578735;
25,697050938337803;
25,69385026737968;
25,699599465954606;
25,702666666666666;
25,69906790945406;
25,699468085106382;
25,704635761589405;
25,702774108322323;
25,702774108322323;
25,701708278580814;
25,695026178010473;
25,68798955613577;
25,684415584415586;
25,684415584415586;
25,691612903225806;
25,68421052631579;
25,67816091954023;
25,701776649746193;
25,709068010075566;
25,695979899497488;
25,69924812030075;
25,701622971285893;
25,701622971285893;
25,697384806973847;
25,690594059405942;
25,68103448275862;
25,68796068796069;
25,681707317073172;
25,690533980582526;
25,69333333333333;
25,69286577992745;
25,696019300361883;
25,69591346153846;
25,69664268585132;
25,708482676224612;
25,701190476190476;
25,698695136417555;
25,708382526564346;
25,712603062426385;
25,71294117647059;
25,708920187793428;
25,705263157894738;
25,697782963827304;
25,70731707317073;
25,70554272517321;
25,700344431687714;
25,70057142857143;
25,700913242009133;
25,70011402508552;
25,70079635949943;
25,689342403628117;
25,691525423728812;
25,691788526434195;
25,685682326621922;
25,68777777777778;
25,676633444075303;
25,680616740088105;
25,676180021953897;
25,670678336980306;
25,66593886462882;
25,663398692810457;
25,657236126224156;
25,658695652173915;
25,65943600867679;
25,666306695464364;
25,662017167381975;
25,658092175777064;
25,664171122994652;
25,66275346851654;
25,674074074074074;
25,66701680672269;
25,666316894018887;
25,671875;
25,665284974093264;
25,669421487603305;
25,66769547325103;
25,66187050359712;
25,658811475409838;
25,660184237461618;
25,660184237461618;
25,663265306122447;
25,667686034658512;
25,667686034658512;
25,672764227642276;
25,66835187057634;
25,661957618567104;
25,664652567975832;
25,66532663316583;
25,659979939819458;
25,648;
25,654037886340976;
25,650746268656718;
25,65277777777778;
25,653121902874133;
25,654150197628457;
25,652517275419545;
25,652517275419545;
25,653846153846153;
25,652216748768474;
25,64082433758587;
25,63600782778865;
25,63600782778865;
25,633431085043988;
25,6318359375;
25,626705653021443;
NaN;
26,5;
26,142857142857142;
26,0;
26,75;
26,5;
26,375;
26,157894736842106;
26,043478260869566;
26,28;
26,20689655172414;
26,2;
26,323529411764707;
26,135135135135137;
26,0;
25,829268292682926;
25,727272727272727;
25,73913043478261;
25,80392156862745;
25,660377358490567;
25,6;
25,655172413793103;
25,666666666666668;
25,575757575757574;
25,80263157894737;
25,7;
25,710843373493976;
25,74418604651163;
25,8;
25,873684210526317;
25,79591836734694;
25,718446601941746;
25,72222222222222;
25,675675675675677;
25,652173913043477;
25,610169491525422;
25,601626016260163;
25,59375;
25,56153846153846;
25,545454545454547;
25,642335766423358;
25,683098591549296;
25,692307692307693;
25,643835616438356;
25,633333333333333;
25,640522875816995;
25,603896103896105;
25,612903225806452;
25,58490566037736;
25,617283950617285;
25,613496932515336;
25,60843373493976;
25,63905325443787;
25,61849710982659;
25,60919540229885;
25,661016949152543;
25,64245810055866;
25,69060773480663;
25,654054054054054;
25,636363636363637;
25,61904761904762;
25,6;
25,533678756476682;
25,515463917525775;
25,523076923076925;
25,5678391959799;
25,524509803921568;
25,524509803921568;
25,524509803921568;
25,516908212560388;
25,563981042654028;
25,59259259259259;
25,60909090909091;
25,59641255605381;
25,615044247787612;
25,614035087719298;
25,61304347826087;
25,626609442060087;
25,627118644067796;
25,62447257383966;
25,641666666666666;
25,634538152610443;
25,634920634920636;
25,666666666666668;
25,642023346303503;
25,661538461538463;
25,671755725190838;
25,674242424242426;
25,69056603773585;
25,691449814126393;
25,690036900369005;
25,6294964028777;
25,62323943661972;
25,629757785467127;
25,6426116838488;
25,641638225255974;
25,622895622895623;
25,60333333333333;
25,595394736842106;
25,58169934640523;
25,563517915309447;
25,587096774193547;
25,562300319488816;
25,579937304075234;
25,596273291925467;
25,58823529411765;
25,575384615384614;
25,5531914893617;
25,569277108433734;
25,517857142857142;
25,545454545454547;
25,55393586005831;
25,544668587896254;
25,54700854700855;
25,558073654390935;
25,559322033898304;
25,553072625698324;
25,573002754820937;
25,585831062670298;
25,594594594594593;
25,58176943699732;
25,580213903743317;
25,56233421750663;
25,58530183727034;
25,577023498694516;
25,57622739018088;
25,576923076923077;
25,5765306122449;
25,577608142493638;
25,556962025316455;
25,556675062972293;
25,555276381909547;
25,55889724310777;
25,56;
25,560493827160492;
25,55773955773956;
25,556372549019606;
25,557971014492754;
25,550239234449762;
25,547619047619047;
25,541176470588237;
25,549065420560748;
25,566433566433567;
25,586605080831408;
25,61467889908257;
25,59908883826879;
25,589569160997733;
25,603603603603602;
25,605381165919283;
25,608017817371937;
25,61283185840708;
25,61925601750547;
25,628260869565217;
25,627956989247313;
25,634042553191488;
25,627906976744185;
25,639412997903563;
25,63389121338912;
25,651452282157678;
25,65983606557377;
25,65848670756646;
25,643584521384927;
25,649193548387096;
25,646123260437374;
25,646123260437374;
25,652173913043477;
25,658153241650293;
25,65753424657534;
25,643410852713178;
25,642166344294004;
25,644913627639156;
25,641221374045802;
25,645714285714284;
25,647727272727273;
25,661016949152543;
25,650375939849624;
25,653558052434455;
25,652416356877325;
25,65677179962894;
25,65740740740741;
25,64391143911439;
25,63351749539595;
25,63051470588235;
25,614963503649633;
25,643115942028984;
25,649280575539567;
25,651162790697676;
25,658362989323845;
25,664902998236332;
25,67017543859649;
25,655594405594407;
25,655594405594407;
25,662608695652175;
25,677029360967186;
25,666092943201377;
25,666092943201377;
25,670103092783506;
25,67409948542024;
25,67008547008547;
25,667802385008518;
25,656514382402708;
25,652100840336136;
25,64715719063545;
25,647746243739565;
25,66777408637874;
25,677152317880793;
25,662273476112027;
25,66282894736842;
25,661788617886177;
25,658576051779935;
25,662939297124602;
25,67142857142857;
25,669303797468356;
25,666666666666668;
25,66456692913386;
25,656739811912225;
25,665109034267914;
25,676470588235293;
25,674382716049383;
25,674382716049383;
25,67588325652842;
25,672782874617738;
25,668702290076336;
25,66768292682927;
25,659574468085108;
25,661608497723822;
25,667170953101362;
25,671191553544496;
25,663663663663662;
25,66317365269461;
25,66417910447761;
25,65625;
25,658753709198812;
25,670118343195266;
25,666666666666668;
25,657856093979444;
25,656934306569344;
25,65406976744186;
25,65846599131693;
25,65997130559541;
25,65811965811966;
25,674220963172804;
25,677966101694917;
25,68767507002801;
25,68951048951049;
25,696378830083564;
25,696801112656466;
25,698611111111113;
25,703190013869627;
25,69889502762431;
25,703296703296704;
25,705479452054796;
25,70204081632653;
25,701351351351352;
25,705248990578735;
25,697050938337803;
25,69385026737968;
25,699599465954606;
25,702666666666666;
25,69906790945406;
25,699468085106382;
25,704635761589405;
25,702774108322323;
25,702774108322323;
25,701708278580814;
25,695026178010473;
25,68798955613577;
25,684415584415586;
25,684415584415586;
25,691612903225806;
25,68421052631579;
25,67816091954023;
25,701776649746193;
25,709068010075566;
25,695979899497488;
25,69924812030075;
25,701622971285893;
25,701622971285893;
25,697384806973847;
25,690594059405942;
25,68103448275862;
25,68796068796069;
25,681707317073172;
25,690533980582526;
25,69333333333333;
25,69286577992745;
25,696019300361883;
25,69591346153846;
25,69664268585132;
25,708482676224612;
25,701190476190476;
25,698695136417555;
25,708382526564346;
25,712603062426385;
25,71294117647059;
25,708920187793428;
25,705263157894738;
25,697782963827304;
25,70731707317073;
25,70554272517321;
25,700344431687714;
25,70057142857143;
25,700913242009133;
25,70011402508552;
25,70079635949943;
25,689342403628117;
25,691525423728812;
25,691788526434195;
25,685682326621922;
25,68777777777778;
25,676633444075303;
25,680616740088105;
25,676180021953897;
25,670678336980306;
25,66593886462882;
25,663398692810457;
25,657236126224156;
25,658695652173915;
25,65943600867679;
25,666306695464364;
25,662017167381975;
25,658092175777064;
25,664171122994652;
25,66275346851654;
25,674074074074074;
25,66701680672269;
25,666316894018887;
25,671875;
25,665284974093264;
25,669421487603305;
25,66769547325103;
25,66187050359712;
25,658811475409838;
25,660184237461618;
25,660184237461618;
25,663265306122447;
25,667686034658512;
25,667686034658512;
25,672764227642276;
25,66835187057634;
25,661957618567104;
25,664652567975832;
25,66532663316583;
25,659979939819458;
25,648;
25,654037886340976;
25,650746268656718;
25,65277777777778;
25,653121902874133;
25,654150197628457;
25,652517275419545;
25,652517275419545;
25,653846153846153;
25,652216748768474;
25,64082433758587;
25,63600782778865;
25,63600782778865;
25,633431085043988;
25,6318359375;
25,626705653021443;
