NaN;
1557,142857142857;
1607,6923076923076;
1639,0243902439024;
1661,2244897959183;
1650,0;
1673,2394366197184;
1680,952380952381;
1687,7551020408164;
1685,7142857142858;
1691,6666666666667;
1691,7293233082708;
1685,5172413793102;
1686,0759493670887;
1687,3563218390805;
1688,0434782608695;
1689,0052356020942;
1691,1764705882354;
1694,4444444444443;
1698,2456140350878;
1694,6502057613168;
1691,3385826771653;
1695,1672862453531;
1693,286219081272;
1692,4657534246576;
1686,842105263158;
1687,3417721518988;
1684,4036697247707;
1684,0236686390533;
1681,9209039548023;
1677,5956284153006;
1676,5171503957783;
1675,5784061696659;
1674,129353233831;
1675,0605326876514;
1677,5413711583924;
