NaN;
1400,0;
1400,0;
1422,2222222222222;
1416,6666666666667;
1428,5714285714287;
1423,5294117647059;
1420,0;
1417,391304347826;
1416,0;
1428,5714285714287;
1425,8064516129032;
1423,5294117647059;
1421,6216216216217;
1420,5128205128206;
1419,047619047619;
1417,7777777777778;
1416,6666666666667;
1416,0;
1418,867924528302;
1425,0;
1423,7288135593221;
1422,5806451612902;
1421,875;
1420,8955223880596;
1422,857142857143;
1421,9178082191781;
1421,3333333333333;
1420,5128205128206;
1419,7530864197531;
1421,4285714285713;
1427,5862068965516;
1426,9662921348315;
1428,2608695652175;
1427,3684210526317;
1426,530612244898;
