NaN;
1900,0;
1857,142857142857;
1850,0;
1916,6666666666667;
1900,0;
1900,0;
1894,7368421052631;
1878,2608695652175;
1888,0;
1889,655172413793;
1893,3333333333333;
1894,1176470588234;
1881,081081081081;
1871,7948717948718;
1858,5365853658536;
1850,0;
1852,1739130434783;
1850,9803921568628;
1837,7358490566037;
1832,7272727272727;
1837,9310344827586;
1841,2698412698412;
1836,3636363636363;
1844,7368421052631;
1837,5;
1843,3734939759036;
1846,5116279069769;
1851,111111111111;
1852,6315789473683;
1846,938775510204;
1840,7766990291261;
1840,7407407407406;
1836,036036036036;
1833,0434782608695;
1830,5084745762713;
1830,8943089430895;
1831,25;
1829,2307692307693;
1827,2727272727273;
1833,5766423357663;
1839,4366197183099;
1839,1608391608393;
1835,6164383561643;
1836,0;
1835,2941176470588;
1832,4675324675325;
1832,258064516129;
1830,188679245283;
1830,8641975308642;
1830,6748466257668;
1828,9156626506024;
1830,7692307692307;
1828,9017341040462;
1827,5862068965516;
1831,638418079096;
1830,167597765363;
1833,1491712707182;
1830,2702702702702;
1828,8770053475937;
1826,4550264550264;
1825,2631578947369;
1820,7253886010362;
1819,5876288659795;
1819,4871794871794;
1822,110552763819;
1817,6470588235295;
1817,6470588235295;
1817,6470588235295;
1816,425120772947;
1818,9573459715639;
1820,3703703703704;
1821,8181818181818;
1821,52466367713;
1822,1238938053098;
1821,9298245614036;
1821,7391304347825;
1822,3175965665237;
1825,4237288135594;
1825,3164556962026;
1826,6666666666667;
1825,70281124498;
1825,3968253968253;
1827,450980392157;
1825,68093385214;
1827,6923076923076;
1828,2442748091603;
1828,7878787878788;
1830,188679245283;
1829,7397769516729;
1829,520295202952;
1825,179856115108;
1823,943661971831;
1825,60553633218;
1826,1168384879725;
1826,6211604095563;
1825,5892255892256;
1823,3333333333333;
1822,3684210526317;
1821,5686274509803;
1820,1954397394136;
1821,9354838709678;
1820,4472843450478;
1821,9435736677117;
1822,9813664596272;
1822,2910216718267;
1821,5384615384614;
1820,0607902735562;
1821,0843373493976;
1817,2619047619048;
1819,3548387096773;
1820,408163265306;
1820,1729106628243;
1820,5128205128206;
1820,9631728045326;
1820,90395480226;
1821,2290502793296;
1822,0385674931129;
1822,3433242506812;
1822,162162162162;
1820,911528150134;
1820,855614973262;
1819,628647214854;
1821,5223097112862;
1820,3655352480419;
1819,638242894057;
1819,4871794871794;
1819,3877551020407;
1819,3384223918574;
1817,7215189873418;
1817,632241813602;
1817,5879396984924;
1817,5438596491229;
1817,5;
1816,79012345679;
1816,2162162162163;
1816,1764705882354;
1816,9082125603866;
1817,7033492822966;
1817,6190476190477;
1818,3529411764705;
1819,1588785046729;
1820,5128205128206;
1821,7090069284066;
1823,8532110091744;
1823,2346241457858;
1822,6757369614513;
1823,4234234234234;
1823,3183856502242;
1822,71714922049;
1823,0088495575221;
1823,1947483588622;
1823,9130434782608;
1823,6559139784947;
1824,2553191489362;
1823,2558139534883;
1824,3186582809224;
1823,8493723849372;
1824,4813278008298;
1825,0;
1824,9488752556238;
1824,0325865580448;
1824,1935483870968;
1823,4592445328033;
1823,4592445328033;
1823,7154150197628;
1824,361493123772;
1824,6575342465753;
1823,6434108527133;
1823,5976789168278;
1823,8003838771592;
1823,2824427480916;
1823,6190476190477;
1823,8636363636363;
1824,105461393597;
1823,3082706766918;
1823,5955056179776;
1823,7918215613383;
1824,1187384044526;
1824,0740740740741;
1822,8782287822878;
1822,0994475138123;
1821,6911764705883;
1820,802919708029;
1822,463768115942;
1822,6618705035971;
1822,8980322003579;
1823,8434163701068;
1823,6331569664903;
1824,561403508772;
1823,4265734265734;
1823,4265734265734;
1823,6521739130435;
1824,525043177893;
1823,407917383821;
1823,407917383821;
1823,7113402061855;
1824,0137221269297;
1823,5897435897436;
1823,5093696763204;
1822,3350253807107;
1822,18487394958;
1821,7391304347825;
1821,702838063439;
1823,2558139534883;
1823,841059602649;
1822,7347611202636;
1822,6973684210527;
1822,439024390244;
1822,3300970873786;
1823,6421725239616;
1824,4444444444443;
1824,0506329113923;
1824,0126382306478;
1823,9370078740158;
1823,5109717868338;
1823,6760124610591;
1824,4582043343653;
1824,3827160493827;
1824,3827160493827;
1824,2703533026113;
1824,1590214067278;
1823,8167938931297;
1823,780487804878;
1823,1003039513678;
1823,0652503793626;
1823,2980332829047;
1823,2277526395173;
1822,822822822823;
1822,754491017964;
1822,686567164179;
1822,0238095238096;
1822,551928783383;
1823,076923076923;
1822,7138643067847;
1822,0264317180618;
1821,6058394160584;
1821,5116279069769;
1821,9971056439942;
1822,3816355810618;
1822,2222222222222;
1823,229461756374;
1823,446327683616;
1823,8095238095239;
1823,7762237762238;
1824,5125348189415;
1824,7566063977747;
1824,7222222222222;
1824,9653259361996;
1824,585635359116;
1825,2747252747254;
1825,2054794520548;
1825,0340136054422;
1824,8648648648648;
1825,3028263795425;
1824,6648793565685;
1824,331550802139;
1824,56608811749;
1824,8;
1824,5006657789613;
1824,468085106383;
1825,430463576159;
1825,099075297226;
1825,099075297226;
1824,7043363994744;
1824,34554973822;
1823,7597911227153;
1823,8961038961038;
1823,8961038961038;
1824,516129032258;
1824,1335044929397;
1823,499361430396;
1825,1269035532996;
1825,44080604534;
1824,3718592964824;
1824,561403508772;
1824,7191011235955;
1824,7191011235955;
1824,4084682440846;
1824,2574257425742;
1823,3990147783252;
1824,078624078624;
1823,658536585366;
1824,2718446601941;
1824,4848484848485;
1824,4256348246674;
1824,6079613992763;
1824,5192307692307;
1825,179856115108;
1825,8064516129032;
1825,2380952380952;
1824,9110320284697;
1825,5017709563165;
1825,9128386336868;
1825,8823529411766;
1825,586854460094;
1825,4970760233919;
1824,970828471412;
1825,7839721254356;
1825,4041570438799;
1824,7990815154994;
1824,9142857142858;
1824,8858447488585;
1824,8574686431016;
1825,0284414106939;
1824,4897959183672;
1824,6327683615818;
1824,5219347581553;
1823,937360178971;
1823,7777777777778;
1822,81284606866;
1823,1277533039647;
1822,8320526893524;
1822,53829321663;
1822,0524017467249;
1821,7864923747277;
1821,3275299238303;
1821,5217391304348;
1821,4750542299348;
1821,8142548596113;
1821,244635193133;
1821,0075026795284;
1821,390374331551;
1821,3447171824973;
1822,010582010582;
1821,4285714285713;
1821,4060860440713;
1822,0833333333333;
1821,3471502590673;
1821,4876033057851;
1821,3991769547324;
1820,9660842754367;
1821,1065573770493;
1821,0849539406347;
1821,0849539406347;
1821,0204081632653;
1821,2028542303772;
1821,2028542303772;
1821,9512195121952;
1821,4357937310415;
1820,9889001009083;
1821,34944612286;
1821,3065326633166;
1820,8625877632899;
1820,0;
1820,5383848454635;
1820,2985074626865;
1820,2380952380952;
1820,2180376610506;
1820,1581027667985;
1819,9407699901283;
1819,9407699901283;
1820,1183431952663;
1820,0985221674878;
1819,2345436702649;
1819,1780821917807;
1819,1780821917807;
1818,9638318670577;
1818,75;
1818,5185185185185;
NaN;
1900,0;
1857,142857142857;
1850,0;
1916,6666666666667;
1900,0;
1900,0;
1894,7368421052631;
1878,2608695652175;
1888,0;
1889,655172413793;
1893,3333333333333;
1894,1176470588234;
1881,081081081081;
1871,7948717948718;
1858,5365853658536;
1850,0;
1852,1739130434783;
1850,9803921568628;
1837,7358490566037;
1832,7272727272727;
1837,9310344827586;
1841,2698412698412;
1836,3636363636363;
1844,7368421052631;
1837,5;
1843,3734939759036;
1846,5116279069769;
1851,111111111111;
1852,6315789473683;
1846,938775510204;
1840,7766990291261;
1840,7407407407406;
1836,036036036036;
1833,0434782608695;
1830,5084745762713;
1830,8943089430895;
1831,25;
1829,2307692307693;
1827,2727272727273;
1833,5766423357663;
1839,4366197183099;
1839,1608391608393;
1835,6164383561643;
1836,0;
1835,2941176470588;
1832,4675324675325;
1832,258064516129;
1830,188679245283;
1830,8641975308642;
1830,6748466257668;
1828,9156626506024;
1830,7692307692307;
1828,9017341040462;
1827,5862068965516;
1831,638418079096;
1830,167597765363;
1833,1491712707182;
1830,2702702702702;
1828,8770053475937;
1826,4550264550264;
1825,2631578947369;
1820,7253886010362;
1819,5876288659795;
1819,4871794871794;
1822,110552763819;
1817,6470588235295;
1817,6470588235295;
1817,6470588235295;
1816,425120772947;
1818,9573459715639;
1820,3703703703704;
1821,8181818181818;
1821,52466367713;
1822,1238938053098;
1821,9298245614036;
1821,7391304347825;
1822,3175965665237;
1825,4237288135594;
1825,3164556962026;
1826,6666666666667;
1825,70281124498;
1825,3968253968253;
1827,450980392157;
1825,68093385214;
1827,6923076923076;
1828,2442748091603;
1828,7878787878788;
1830,188679245283;
1829,7397769516729;
1829,520295202952;
1825,179856115108;
1823,943661971831;
1825,60553633218;
1826,1168384879725;
1826,6211604095563;
1825,5892255892256;
1823,3333333333333;
1822,3684210526317;
1821,5686274509803;
1820,1954397394136;
1821,9354838709678;
1820,4472843450478;
1821,9435736677117;
1822,9813664596272;
1822,2910216718267;
1821,5384615384614;
1820,0607902735562;
1821,0843373493976;
1817,2619047619048;
1819,3548387096773;
1820,408163265306;
1820,1729106628243;
1820,5128205128206;
1820,9631728045326;
1820,90395480226;
1821,2290502793296;
1822,0385674931129;
1822,3433242506812;
1822,162162162162;
1820,911528150134;
1820,855614973262;
1819,628647214854;
1821,5223097112862;
1820,3655352480419;
1819,638242894057;
1819,4871794871794;
1819,3877551020407;
1819,3384223918574;
1817,7215189873418;
1817,632241813602;
1817,5879396984924;
1817,5438596491229;
1817,5;
1816,79012345679;
1816,2162162162163;
1816,1764705882354;
1816,9082125603866;
1817,7033492822966;
1817,6190476190477;
1818,3529411764705;
1819,1588785046729;
1820,5128205128206;
1821,7090069284066;
1823,8532110091744;
1823,2346241457858;
1822,6757369614513;
1823,4234234234234;
1823,3183856502242;
1822,71714922049;
1823,0088495575221;
1823,1947483588622;
1823,9130434782608;
1823,6559139784947;
1824,2553191489362;
1823,2558139534883;
1824,3186582809224;
1823,8493723849372;
1824,4813278008298;
1825,0;
1824,9488752556238;
1824,0325865580448;
1824,1935483870968;
1823,4592445328033;
1823,4592445328033;
1823,7154150197628;
1824,361493123772;
1824,6575342465753;
1823,6434108527133;
1823,5976789168278;
1823,8003838771592;
1823,2824427480916;
1823,6190476190477;
1823,8636363636363;
1824,105461393597;
1823,3082706766918;
1823,5955056179776;
1823,7918215613383;
1824,1187384044526;
1824,0740740740741;
1822,8782287822878;
1822,0994475138123;
1821,6911764705883;
1820,802919708029;
1822,463768115942;
1822,6618705035971;
1822,8980322003579;
1823,8434163701068;
1823,6331569664903;
1824,561403508772;
1823,4265734265734;
1823,4265734265734;
1823,6521739130435;
1824,525043177893;
1823,407917383821;
1823,407917383821;
1823,7113402061855;
1824,0137221269297;
1823,5897435897436;
1823,5093696763204;
1822,3350253807107;
1822,18487394958;
1821,7391304347825;
1821,702838063439;
1823,2558139534883;
1823,841059602649;
1822,7347611202636;
1822,6973684210527;
1822,439024390244;
1822,3300970873786;
1823,6421725239616;
1824,4444444444443;
1824,0506329113923;
1824,0126382306478;
1823,9370078740158;
1823,5109717868338;
1823,6760124610591;
1824,4582043343653;
1824,3827160493827;
1824,3827160493827;
1824,2703533026113;
1824,1590214067278;
1823,8167938931297;
1823,780487804878;
1823,1003039513678;
1823,0652503793626;
1823,2980332829047;
1823,2277526395173;
1822,822822822823;
1822,754491017964;
1822,686567164179;
1822,0238095238096;
1822,551928783383;
1823,076923076923;
1822,7138643067847;
1822,0264317180618;
1821,6058394160584;
1821,5116279069769;
1821,9971056439942;
1822,3816355810618;
1822,2222222222222;
1823,229461756374;
1823,446327683616;
1823,8095238095239;
1823,7762237762238;
1824,5125348189415;
1824,7566063977747;
1824,7222222222222;
1824,9653259361996;
1824,585635359116;
1825,2747252747254;
1825,2054794520548;
1825,0340136054422;
1824,8648648648648;
1825,3028263795425;
1824,6648793565685;
1824,331550802139;
1824,56608811749;
1824,8;
1824,5006657789613;
1824,468085106383;
1825,430463576159;
1825,099075297226;
1825,099075297226;
1824,7043363994744;
1824,34554973822;
1823,7597911227153;
1823,8961038961038;
1823,8961038961038;
1824,516129032258;
1824,1335044929397;
1823,499361430396;
1825,1269035532996;
1825,44080604534;
1824,3718592964824;
1824,561403508772;
1824,7191011235955;
1824,7191011235955;
1824,4084682440846;
1824,2574257425742;
1823,3990147783252;
1824,078624078624;
1823,658536585366;
1824,2718446601941;
1824,4848484848485;
1824,4256348246674;
1824,6079613992763;
1824,5192307692307;
1825,179856115108;
1825,8064516129032;
1825,2380952380952;
1824,9110320284697;
1825,5017709563165;
1825,9128386336868;
1825,8823529411766;
1825,586854460094;
1825,4970760233919;
1824,970828471412;
1825,7839721254356;
1825,4041570438799;
1824,7990815154994;
1824,9142857142858;
1824,8858447488585;
1824,8574686431016;
1825,0284414106939;
1824,4897959183672;
1824,6327683615818;
1824,5219347581553;
1823,937360178971;
1823,7777777777778;
1822,81284606866;
1823,1277533039647;
1822,8320526893524;
1822,53829321663;
1822,0524017467249;
1821,7864923747277;
1821,3275299238303;
1821,5217391304348;
1821,4750542299348;
1821,8142548596113;
1821,244635193133;
1821,0075026795284;
1821,390374331551;
1821,3447171824973;
1822,010582010582;
1821,4285714285713;
1821,4060860440713;
1822,0833333333333;
1821,3471502590673;
1821,4876033057851;
1821,3991769547324;
1820,9660842754367;
1821,1065573770493;
1821,0849539406347;
1821,0849539406347;
1821,0204081632653;
1821,2028542303772;
1821,2028542303772;
1821,9512195121952;
1821,4357937310415;
1820,9889001009083;
1821,34944612286;
1821,3065326633166;
1820,8625877632899;
1820,0;
1820,5383848454635;
1820,2985074626865;
1820,2380952380952;
1820,2180376610506;
1820,1581027667985;
1819,9407699901283;
1819,9407699901283;
1820,1183431952663;
1820,0985221674878;
1819,2345436702649;
1819,1780821917807;
1819,1780821917807;
1818,9638318670577;
1818,75;
1818,5185185185185;
NaN;
1900,0;
1857,142857142857;
1850,0;
1916,6666666666667;
1900,0;
1900,0;
1894,7368421052631;
1878,2608695652175;
1888,0;
1889,655172413793;
1893,3333333333333;
1894,1176470588234;
1881,081081081081;
1871,7948717948718;
1858,5365853658536;
1850,0;
1852,1739130434783;
1850,9803921568628;
1837,7358490566037;
1832,7272727272727;
1837,9310344827586;
1841,2698412698412;
1836,3636363636363;
1844,7368421052631;
1837,5;
1843,3734939759036;
1846,5116279069769;
1851,111111111111;
1852,6315789473683;
1846,938775510204;
1840,7766990291261;
1840,7407407407406;
1836,036036036036;
1833,0434782608695;
1830,5084745762713;
1830,8943089430895;
1831,25;
1829,2307692307693;
1827,2727272727273;
1833,5766423357663;
1839,4366197183099;
1839,1608391608393;
1835,6164383561643;
1836,0;
1835,2941176470588;
1832,4675324675325;
1832,258064516129;
1830,188679245283;
1830,8641975308642;
1830,6748466257668;
1828,9156626506024;
1830,7692307692307;
1828,9017341040462;
1827,5862068965516;
1831,638418079096;
1830,167597765363;
1833,1491712707182;
1830,2702702702702;
1828,8770053475937;
1826,4550264550264;
1825,2631578947369;
1820,7253886010362;
1819,5876288659795;
1819,4871794871794;
1822,110552763819;
1817,6470588235295;
1817,6470588235295;
1817,6470588235295;
1816,425120772947;
1818,9573459715639;
1820,3703703703704;
1821,8181818181818;
1821,52466367713;
1822,1238938053098;
1821,9298245614036;
1821,7391304347825;
1822,3175965665237;
1825,4237288135594;
1825,3164556962026;
1826,6666666666667;
1825,70281124498;
1825,3968253968253;
1827,450980392157;
1825,68093385214;
1827,6923076923076;
1828,2442748091603;
1828,7878787878788;
1830,188679245283;
1829,7397769516729;
1829,520295202952;
1825,179856115108;
1823,943661971831;
1825,60553633218;
1826,1168384879725;
1826,6211604095563;
1825,5892255892256;
1823,3333333333333;
1822,3684210526317;
1821,5686274509803;
1820,1954397394136;
1821,9354838709678;
1820,4472843450478;
1821,9435736677117;
1822,9813664596272;
1822,2910216718267;
1821,5384615384614;
1820,0607902735562;
1821,0843373493976;
1817,2619047619048;
1819,3548387096773;
1820,408163265306;
1820,1729106628243;
1820,5128205128206;
1820,9631728045326;
1820,90395480226;
1821,2290502793296;
1822,0385674931129;
1822,3433242506812;
1822,162162162162;
1820,911528150134;
1820,855614973262;
1819,628647214854;
1821,5223097112862;
1820,3655352480419;
1819,638242894057;
1819,4871794871794;
1819,3877551020407;
1819,3384223918574;
1817,7215189873418;
1817,632241813602;
1817,5879396984924;
1817,5438596491229;
1817,5;
1816,79012345679;
1816,2162162162163;
1816,1764705882354;
1816,9082125603866;
1817,7033492822966;
1817,6190476190477;
1818,3529411764705;
1819,1588785046729;
1820,5128205128206;
1821,7090069284066;
1823,8532110091744;
1823,2346241457858;
1822,6757369614513;
1823,4234234234234;
1823,3183856502242;
1822,71714922049;
1823,0088495575221;
1823,1947483588622;
1823,9130434782608;
1823,6559139784947;
1824,2553191489362;
1823,2558139534883;
1824,3186582809224;
1823,8493723849372;
1824,4813278008298;
1825,0;
1824,9488752556238;
1824,0325865580448;
1824,1935483870968;
1823,4592445328033;
1823,4592445328033;
1823,7154150197628;
1824,361493123772;
1824,6575342465753;
1823,6434108527133;
1823,5976789168278;
1823,8003838771592;
1823,2824427480916;
1823,6190476190477;
1823,8636363636363;
1824,105461393597;
1823,3082706766918;
1823,5955056179776;
1823,7918215613383;
1824,1187384044526;
1824,0740740740741;
1822,8782287822878;
1822,0994475138123;
1821,6911764705883;
1820,802919708029;
1822,463768115942;
1822,6618705035971;
1822,8980322003579;
1823,8434163701068;
1823,6331569664903;
1824,561403508772;
1823,4265734265734;
1823,4265734265734;
1823,6521739130435;
1824,525043177893;
1823,407917383821;
1823,407917383821;
1823,7113402061855;
1824,0137221269297;
1823,5897435897436;
1823,5093696763204;
1822,3350253807107;
1822,18487394958;
1821,7391304347825;
1821,702838063439;
1823,2558139534883;
1823,841059602649;
1822,7347611202636;
1822,6973684210527;
1822,439024390244;
1822,3300970873786;
1823,6421725239616;
1824,4444444444443;
1824,0506329113923;
1824,0126382306478;
1823,9370078740158;
1823,5109717868338;
1823,6760124610591;
1824,4582043343653;
1824,3827160493827;
1824,3827160493827;
1824,2703533026113;
1824,1590214067278;
1823,8167938931297;
1823,780487804878;
1823,1003039513678;
1823,0652503793626;
1823,2980332829047;
1823,2277526395173;
1822,822822822823;
1822,754491017964;
1822,686567164179;
1822,0238095238096;
1822,551928783383;
1823,076923076923;
1822,7138643067847;
1822,0264317180618;
1821,6058394160584;
1821,5116279069769;
1821,9971056439942;
1822,3816355810618;
1822,2222222222222;
1823,229461756374;
1823,446327683616;
1823,8095238095239;
1823,7762237762238;
1824,5125348189415;
1824,7566063977747;
1824,7222222222222;
1824,9653259361996;
1824,585635359116;
1825,2747252747254;
1825,2054794520548;
1825,0340136054422;
1824,8648648648648;
1825,3028263795425;
1824,6648793565685;
1824,331550802139;
1824,56608811749;
1824,8;
1824,5006657789613;
1824,468085106383;
1825,430463576159;
1825,099075297226;
1825,099075297226;
1824,7043363994744;
1824,34554973822;
1823,7597911227153;
1823,8961038961038;
1823,8961038961038;
1824,516129032258;
1824,1335044929397;
1823,499361430396;
1825,1269035532996;
1825,44080604534;
1824,3718592964824;
1824,561403508772;
1824,7191011235955;
1824,7191011235955;
1824,4084682440846;
1824,2574257425742;
1823,3990147783252;
1824,078624078624;
1823,658536585366;
1824,2718446601941;
1824,4848484848485;
1824,4256348246674;
1824,6079613992763;
1824,5192307692307;
1825,179856115108;
1825,8064516129032;
1825,2380952380952;
1824,9110320284697;
1825,5017709563165;
1825,9128386336868;
1825,8823529411766;
1825,586854460094;
1825,4970760233919;
1824,970828471412;
1825,7839721254356;
1825,4041570438799;
1824,7990815154994;
1824,9142857142858;
1824,8858447488585;
1824,8574686431016;
1825,0284414106939;
1824,4897959183672;
1824,6327683615818;
1824,5219347581553;
1823,937360178971;
1823,7777777777778;
1822,81284606866;
1823,1277533039647;
1822,8320526893524;
1822,53829321663;
1822,0524017467249;
1821,7864923747277;
1821,3275299238303;
1821,5217391304348;
1821,4750542299348;
1821,8142548596113;
1821,244635193133;
1821,0075026795284;
1821,390374331551;
1821,3447171824973;
1822,010582010582;
1821,4285714285713;
1821,4060860440713;
1822,0833333333333;
1821,3471502590673;
1821,4876033057851;
1821,3991769547324;
1820,9660842754367;
1821,1065573770493;
1821,0849539406347;
1821,0849539406347;
1821,0204081632653;
1821,2028542303772;
1821,2028542303772;
1821,9512195121952;
1821,4357937310415;
1820,9889001009083;
1821,34944612286;
1821,3065326633166;
1820,8625877632899;
1820,0;
1820,5383848454635;
1820,2985074626865;
1820,2380952380952;
1820,2180376610506;
1820,1581027667985;
1819,9407699901283;
1819,9407699901283;
1820,1183431952663;
1820,0985221674878;
1819,2345436702649;
1819,1780821917807;
1819,1780821917807;
1818,9638318670577;
1818,75;
1818,5185185185185;
NaN;
1900,0;
1857,142857142857;
1850,0;
1916,6666666666667;
1900,0;
1900,0;
1894,7368421052631;
1878,2608695652175;
1888,0;
1889,655172413793;
1893,3333333333333;
1894,1176470588234;
1881,081081081081;
1871,7948717948718;
1858,5365853658536;
1850,0;
1852,1739130434783;
1850,9803921568628;
1837,7358490566037;
1832,7272727272727;
1837,9310344827586;
1841,2698412698412;
1836,3636363636363;
1844,7368421052631;
1837,5;
1843,3734939759036;
1846,5116279069769;
1851,111111111111;
1852,6315789473683;
1846,938775510204;
1840,7766990291261;
1840,7407407407406;
1836,036036036036;
1833,0434782608695;
1830,5084745762713;
1830,8943089430895;
1831,25;
1829,2307692307693;
1827,2727272727273;
1833,5766423357663;
1839,4366197183099;
1839,1608391608393;
1835,6164383561643;
1836,0;
1835,2941176470588;
1832,4675324675325;
1832,258064516129;
1830,188679245283;
1830,8641975308642;
1830,6748466257668;
1828,9156626506024;
1830,7692307692307;
1828,9017341040462;
1827,5862068965516;
1831,638418079096;
1830,167597765363;
1833,1491712707182;
1830,2702702702702;
1828,8770053475937;
1826,4550264550264;
1825,2631578947369;
1820,7253886010362;
1819,5876288659795;
1819,4871794871794;
1822,110552763819;
1817,6470588235295;
1817,6470588235295;
1817,6470588235295;
1816,425120772947;
1818,9573459715639;
1820,3703703703704;
1821,8181818181818;
1821,52466367713;
1822,1238938053098;
1821,9298245614036;
1821,7391304347825;
1822,3175965665237;
1825,4237288135594;
1825,3164556962026;
1826,6666666666667;
1825,70281124498;
1825,3968253968253;
1827,450980392157;
1825,68093385214;
1827,6923076923076;
1828,2442748091603;
1828,7878787878788;
1830,188679245283;
1829,7397769516729;
1829,520295202952;
1825,179856115108;
1823,943661971831;
1825,60553633218;
1826,1168384879725;
1826,6211604095563;
1825,5892255892256;
1823,3333333333333;
1822,3684210526317;
1821,5686274509803;
1820,1954397394136;
1821,9354838709678;
1820,4472843450478;
1821,9435736677117;
1822,9813664596272;
1822,2910216718267;
1821,5384615384614;
1820,0607902735562;
1821,0843373493976;
1817,2619047619048;
1819,3548387096773;
1820,408163265306;
1820,1729106628243;
1820,5128205128206;
1820,9631728045326;
1820,90395480226;
1821,2290502793296;
1822,0385674931129;
1822,3433242506812;
1822,162162162162;
1820,911528150134;
1820,855614973262;
1819,628647214854;
1821,5223097112862;
1820,3655352480419;
1819,638242894057;
1819,4871794871794;
1819,3877551020407;
1819,3384223918574;
1817,7215189873418;
1817,632241813602;
1817,5879396984924;
1817,5438596491229;
1817,5;
1816,79012345679;
1816,2162162162163;
1816,1764705882354;
1816,9082125603866;
1817,7033492822966;
1817,6190476190477;
1818,3529411764705;
1819,1588785046729;
1820,5128205128206;
1821,7090069284066;
1823,8532110091744;
1823,2346241457858;
1822,6757369614513;
1823,4234234234234;
1823,3183856502242;
1822,71714922049;
1823,0088495575221;
1823,1947483588622;
1823,9130434782608;
1823,6559139784947;
1824,2553191489362;
1823,2558139534883;
1824,3186582809224;
1823,8493723849372;
1824,4813278008298;
1825,0;
1824,9488752556238;
1824,0325865580448;
1824,1935483870968;
1823,4592445328033;
1823,4592445328033;
1823,7154150197628;
1824,361493123772;
1824,6575342465753;
1823,6434108527133;
1823,5976789168278;
1823,8003838771592;
1823,2824427480916;
1823,6190476190477;
1823,8636363636363;
1824,105461393597;
1823,3082706766918;
1823,5955056179776;
1823,7918215613383;
1824,1187384044526;
1824,0740740740741;
1822,8782287822878;
1822,0994475138123;
1821,6911764705883;
1820,802919708029;
1822,463768115942;
1822,6618705035971;
1822,8980322003579;
1823,8434163701068;
1823,6331569664903;
1824,561403508772;
1823,4265734265734;
1823,4265734265734;
1823,6521739130435;
1824,525043177893;
1823,407917383821;
1823,407917383821;
1823,7113402061855;
1824,0137221269297;
1823,5897435897436;
1823,5093696763204;
1822,3350253807107;
1822,18487394958;
1821,7391304347825;
1821,702838063439;
1823,2558139534883;
1823,841059602649;
1822,7347611202636;
1822,6973684210527;
1822,439024390244;
1822,3300970873786;
1823,6421725239616;
1824,4444444444443;
1824,0506329113923;
1824,0126382306478;
1823,9370078740158;
1823,5109717868338;
1823,6760124610591;
1824,4582043343653;
1824,3827160493827;
1824,3827160493827;
1824,2703533026113;
1824,1590214067278;
1823,8167938931297;
1823,780487804878;
1823,1003039513678;
1823,0652503793626;
1823,2980332829047;
1823,2277526395173;
1822,822822822823;
1822,754491017964;
1822,686567164179;
1822,0238095238096;
1822,551928783383;
1823,076923076923;
1822,7138643067847;
1822,0264317180618;
1821,6058394160584;
1821,5116279069769;
1821,9971056439942;
1822,3816355810618;
1822,2222222222222;
1823,229461756374;
1823,446327683616;
1823,8095238095239;
1823,7762237762238;
1824,5125348189415;
1824,7566063977747;
1824,7222222222222;
1824,9653259361996;
1824,585635359116;
1825,2747252747254;
1825,2054794520548;
1825,0340136054422;
1824,8648648648648;
1825,3028263795425;
1824,6648793565685;
1824,331550802139;
1824,56608811749;
1824,8;
1824,5006657789613;
1824,468085106383;
1825,430463576159;
1825,099075297226;
1825,099075297226;
1824,7043363994744;
1824,34554973822;
1823,7597911227153;
1823,8961038961038;
1823,8961038961038;
1824,516129032258;
1824,1335044929397;
1823,499361430396;
1825,1269035532996;
1825,44080604534;
1824,3718592964824;
1824,561403508772;
1824,7191011235955;
1824,7191011235955;
1824,4084682440846;
1824,2574257425742;
1823,3990147783252;
1824,078624078624;
1823,658536585366;
1824,2718446601941;
1824,4848484848485;
1824,4256348246674;
1824,6079613992763;
1824,5192307692307;
1825,179856115108;
1825,8064516129032;
1825,2380952380952;
1824,9110320284697;
1825,5017709563165;
1825,9128386336868;
1825,8823529411766;
1825,586854460094;
1825,4970760233919;
1824,970828471412;
1825,7839721254356;
1825,4041570438799;
1824,7990815154994;
1824,9142857142858;
1824,8858447488585;
1824,8574686431016;
1825,0284414106939;
1824,4897959183672;
1824,6327683615818;
1824,5219347581553;
1823,937360178971;
1823,7777777777778;
1822,81284606866;
1823,1277533039647;
1822,8320526893524;
1822,53829321663;
1822,0524017467249;
1821,7864923747277;
1821,3275299238303;
1821,5217391304348;
1821,4750542299348;
1821,8142548596113;
1821,244635193133;
1821,0075026795284;
1821,390374331551;
1821,3447171824973;
1822,010582010582;
1821,4285714285713;
1821,4060860440713;
1822,0833333333333;
1821,3471502590673;
1821,4876033057851;
1821,3991769547324;
1820,9660842754367;
1821,1065573770493;
1821,0849539406347;
1821,0849539406347;
1821,0204081632653;
1821,2028542303772;
1821,2028542303772;
1821,9512195121952;
1821,4357937310415;
1820,9889001009083;
1821,34944612286;
1821,3065326633166;
1820,8625877632899;
1820,0;
1820,5383848454635;
1820,2985074626865;
1820,2380952380952;
1820,2180376610506;
1820,1581027667985;
1819,9407699901283;
1819,9407699901283;
1820,1183431952663;
1820,0985221674878;
1819,2345436702649;
1819,1780821917807;
1819,1780821917807;
1818,9638318670577;
1818,75;
1818,5185185185185;
NaN;
1900,0;
1857,142857142857;
1850,0;
1916,6666666666667;
1900,0;
1900,0;
1894,7368421052631;
1878,2608695652175;
1888,0;
1889,655172413793;
1893,3333333333333;
1894,1176470588234;
1881,081081081081;
1871,7948717948718;
1858,5365853658536;
1850,0;
1852,1739130434783;
1850,9803921568628;
1837,7358490566037;
1832,7272727272727;
1837,9310344827586;
1841,2698412698412;
1836,3636363636363;
1844,7368421052631;
1837,5;
1843,3734939759036;
1846,5116279069769;
1851,111111111111;
1852,6315789473683;
1846,938775510204;
1840,7766990291261;
1840,7407407407406;
1836,036036036036;
1833,0434782608695;
1830,5084745762713;
1830,8943089430895;
1831,25;
1829,2307692307693;
1827,2727272727273;
1833,5766423357663;
1839,4366197183099;
1839,1608391608393;
1835,6164383561643;
1836,0;
1835,2941176470588;
1832,4675324675325;
1832,258064516129;
1830,188679245283;
1830,8641975308642;
1830,6748466257668;
1828,9156626506024;
1830,7692307692307;
1828,9017341040462;
1827,5862068965516;
1831,638418079096;
1830,167597765363;
1833,1491712707182;
1830,2702702702702;
1828,8770053475937;
1826,4550264550264;
1825,2631578947369;
1820,7253886010362;
1819,5876288659795;
1819,4871794871794;
1822,110552763819;
1817,6470588235295;
1817,6470588235295;
1817,6470588235295;
1816,425120772947;
1818,9573459715639;
1820,3703703703704;
1821,8181818181818;
1821,52466367713;
1822,1238938053098;
1821,9298245614036;
1821,7391304347825;
1822,3175965665237;
1825,4237288135594;
1825,3164556962026;
1826,6666666666667;
1825,70281124498;
1825,3968253968253;
1827,450980392157;
1825,68093385214;
1827,6923076923076;
1828,2442748091603;
1828,7878787878788;
1830,188679245283;
1829,7397769516729;
1829,520295202952;
1825,179856115108;
1823,943661971831;
1825,60553633218;
1826,1168384879725;
1826,6211604095563;
1825,5892255892256;
1823,3333333333333;
1822,3684210526317;
1821,5686274509803;
1820,1954397394136;
1821,9354838709678;
1820,4472843450478;
1821,9435736677117;
1822,9813664596272;
1822,2910216718267;
1821,5384615384614;
1820,0607902735562;
1821,0843373493976;
1817,2619047619048;
1819,3548387096773;
1820,408163265306;
1820,1729106628243;
1820,5128205128206;
1820,9631728045326;
1820,90395480226;
1821,2290502793296;
1822,0385674931129;
1822,3433242506812;
1822,162162162162;
1820,911528150134;
1820,855614973262;
1819,628647214854;
1821,5223097112862;
1820,3655352480419;
1819,638242894057;
1819,4871794871794;
1819,3877551020407;
1819,3384223918574;
1817,7215189873418;
1817,632241813602;
1817,5879396984924;
1817,5438596491229;
1817,5;
1816,79012345679;
1816,2162162162163;
1816,1764705882354;
1816,9082125603866;
1817,7033492822966;
1817,6190476190477;
1818,3529411764705;
1819,1588785046729;
1820,5128205128206;
1821,7090069284066;
1823,8532110091744;
1823,2346241457858;
1822,6757369614513;
1823,4234234234234;
1823,3183856502242;
1822,71714922049;
1823,0088495575221;
1823,1947483588622;
1823,9130434782608;
1823,6559139784947;
1824,2553191489362;
1823,2558139534883;
1824,3186582809224;
1823,8493723849372;
1824,4813278008298;
1825,0;
1824,9488752556238;
1824,0325865580448;
1824,1935483870968;
1823,4592445328033;
1823,4592445328033;
1823,7154150197628;
1824,361493123772;
1824,6575342465753;
1823,6434108527133;
1823,5976789168278;
1823,8003838771592;
1823,2824427480916;
1823,6190476190477;
1823,8636363636363;
1824,105461393597;
1823,3082706766918;
1823,5955056179776;
1823,7918215613383;
1824,1187384044526;
1824,0740740740741;
1822,8782287822878;
1822,0994475138123;
1821,6911764705883;
1820,802919708029;
1822,463768115942;
1822,6618705035971;
1822,8980322003579;
1823,8434163701068;
1823,6331569664903;
1824,561403508772;
1823,4265734265734;
1823,4265734265734;
1823,6521739130435;
1824,525043177893;
1823,407917383821;
1823,407917383821;
1823,7113402061855;
1824,0137221269297;
1823,5897435897436;
1823,5093696763204;
1822,3350253807107;
1822,18487394958;
1821,7391304347825;
1821,702838063439;
1823,2558139534883;
1823,841059602649;
1822,7347611202636;
1822,6973684210527;
1822,439024390244;
1822,3300970873786;
1823,6421725239616;
1824,4444444444443;
1824,0506329113923;
1824,0126382306478;
1823,9370078740158;
1823,5109717868338;
1823,6760124610591;
1824,4582043343653;
1824,3827160493827;
1824,3827160493827;
1824,2703533026113;
1824,1590214067278;
1823,8167938931297;
1823,780487804878;
1823,1003039513678;
1823,0652503793626;
1823,2980332829047;
1823,2277526395173;
1822,822822822823;
1822,754491017964;
1822,686567164179;
1822,0238095238096;
1822,551928783383;
1823,076923076923;
1822,7138643067847;
1822,0264317180618;
1821,6058394160584;
1821,5116279069769;
1821,9971056439942;
1822,3816355810618;
1822,2222222222222;
1823,229461756374;
1823,446327683616;
1823,8095238095239;
1823,7762237762238;
1824,5125348189415;
1824,7566063977747;
1824,7222222222222;
1824,9653259361996;
1824,585635359116;
1825,2747252747254;
1825,2054794520548;
1825,0340136054422;
1824,8648648648648;
1825,3028263795425;
1824,6648793565685;
1824,331550802139;
1824,56608811749;
1824,8;
1824,5006657789613;
1824,468085106383;
1825,430463576159;
1825,099075297226;
1825,099075297226;
1824,7043363994744;
1824,34554973822;
1823,7597911227153;
1823,8961038961038;
1823,8961038961038;
1824,516129032258;
1824,1335044929397;
1823,499361430396;
1825,1269035532996;
1825,44080604534;
1824,3718592964824;
1824,561403508772;
1824,7191011235955;
1824,7191011235955;
1824,4084682440846;
1824,2574257425742;
1823,3990147783252;
1824,078624078624;
1823,658536585366;
1824,2718446601941;
1824,4848484848485;
1824,4256348246674;
1824,6079613992763;
1824,5192307692307;
1825,179856115108;
1825,8064516129032;
1825,2380952380952;
1824,9110320284697;
1825,5017709563165;
1825,9128386336868;
1825,8823529411766;
1825,586854460094;
1825,4970760233919;
1824,970828471412;
1825,7839721254356;
1825,4041570438799;
1824,7990815154994;
1824,9142857142858;
1824,8858447488585;
1824,8574686431016;
1825,0284414106939;
1824,4897959183672;
1824,6327683615818;
1824,5219347581553;
1823,937360178971;
1823,7777777777778;
1822,81284606866;
1823,1277533039647;
1822,8320526893524;
1822,53829321663;
1822,0524017467249;
1821,7864923747277;
1821,3275299238303;
1821,5217391304348;
1821,4750542299348;
1821,8142548596113;
1821,244635193133;
1821,0075026795284;
1821,390374331551;
1821,3447171824973;
1822,010582010582;
1821,4285714285713;
1821,4060860440713;
1822,0833333333333;
1821,3471502590673;
1821,4876033057851;
1821,3991769547324;
1820,9660842754367;
1821,1065573770493;
1821,0849539406347;
1821,0849539406347;
1821,0204081632653;
1821,2028542303772;
1821,2028542303772;
1821,9512195121952;
1821,4357937310415;
1820,9889001009083;
1821,34944612286;
1821,3065326633166;
1820,8625877632899;
1820,0;
1820,5383848454635;
1820,2985074626865;
1820,2380952380952;
1820,2180376610506;
1820,1581027667985;
1819,9407699901283;
1819,9407699901283;
1820,1183431952663;
1820,0985221674878;
1819,2345436702649;
1819,1780821917807;
1819,1780821917807;
1818,9638318670577;
1818,75;
1818,5185185185185;
